VIN	V(vin)	V(vout)
Step Information: Wn=1µ Wp_ratio=1.5  (Step: 1/14)
0.000000000000000e+00	0.000000e+00	1.200000e+00
1.000000000000000e-02	1.000000e-02	1.200000e+00
2.000000000000000e-02	2.000000e-02	1.200000e+00
3.000000000000000e-02	3.000000e-02	1.200000e+00
4.000000000000000e-02	4.000000e-02	1.200000e+00
5.000000000000000e-02	5.000000e-02	1.200000e+00
6.000000000000000e-02	6.000000e-02	1.200000e+00
7.000000000000001e-02	7.000000e-02	1.200000e+00
8.000000000000000e-02	8.000000e-02	1.200000e+00
9.000000000000000e-02	9.000000e-02	1.200000e+00
1.000000000000000e-01	1.000000e-01	1.200000e+00
1.100000000000000e-01	1.100000e-01	1.200000e+00
1.200000000000000e-01	1.200000e-01	1.200000e+00
1.300000000000000e-01	1.300000e-01	1.200000e+00
1.400000000000000e-01	1.400000e-01	1.200000e+00
1.500000000000000e-01	1.500000e-01	1.200000e+00
1.600000000000000e-01	1.600000e-01	1.200000e+00
1.700000000000000e-01	1.700000e-01	1.200000e+00
1.800000000000000e-01	1.800000e-01	1.200000e+00
1.900000000000000e-01	1.900000e-01	1.200000e+00
2.000000000000000e-01	2.000000e-01	1.200000e+00
2.100000000000000e-01	2.100000e-01	1.200000e+00
2.200000000000000e-01	2.200000e-01	1.200000e+00
2.300000000000000e-01	2.300000e-01	1.200000e+00
2.400000000000000e-01	2.400000e-01	1.200000e+00
2.500000000000000e-01	2.500000e-01	1.200000e+00
2.600000000000000e-01	2.600000e-01	1.200000e+00
2.700000000000000e-01	2.700000e-01	1.200000e+00
2.800000000000000e-01	2.800000e-01	1.200000e+00
2.900000000000000e-01	2.900000e-01	1.200000e+00
3.000000000000000e-01	3.000000e-01	1.200000e+00
3.100000000000000e-01	3.100000e-01	1.200000e+00
3.200000000000000e-01	3.200000e-01	1.200000e+00
3.300000000000000e-01	3.300000e-01	1.200000e+00
3.400000000000000e-01	3.400000e-01	1.200000e+00
3.500000000000000e-01	3.500000e-01	1.200000e+00
3.600000000000000e-01	3.600000e-01	1.200000e+00
3.700000000000000e-01	3.700000e-01	1.200000e+00
3.800000000000000e-01	3.800000e-01	1.200000e+00
3.900000000000000e-01	3.900000e-01	1.200000e+00
4.000000000000000e-01	4.000000e-01	1.200000e+00
4.100000000000000e-01	4.100000e-01	1.199737e+00
4.200000000000000e-01	4.200000e-01	1.198921e+00
4.300000000000000e-01	4.300000e-01	1.197501e+00
4.400000000000000e-01	4.400000e-01	1.195421e+00
4.500000000000000e-01	4.500000e-01	1.192611e+00
4.600000000000000e-01	4.600000e-01	1.188985e+00
4.700000000000000e-01	4.700000e-01	1.184439e+00
4.800000000000000e-01	4.800000e-01	1.178839e+00
4.900000000000000e-01	4.900000e-01	1.172012e+00
5.000000000000000e-01	5.000000e-01	1.163726e+00
5.100000000000000e-01	5.100000e-01	1.153655e+00
5.200000000000000e-01	5.200000e-01	1.141319e+00
5.300000000000000e-01	5.300000e-01	1.125957e+00
5.400000000000000e-01	5.400000e-01	1.106213e+00
5.500000000000000e-01	5.500000e-01	1.079198e+00
5.600000000000001e-01	5.600000e-01	1.034273e+00
5.700000000000001e-01	5.700000e-01	1.258457e-01
5.800000000000000e-01	5.800000e-01	9.219711e-02
5.900000000000000e-01	5.900000e-01	7.343697e-02
6.000000000000000e-01	6.000000e-01	6.011213e-02
6.100000000000000e-01	6.100000e-01	4.980573e-02
6.200000000000000e-01	6.200000e-01	4.155499e-02
6.300000000000000e-01	6.300000e-01	3.474233e-02
6.400000000000000e-01	6.400000e-01	2.902838e-02
6.500000000000000e-01	6.500000e-01	2.418645e-02
6.600000000000000e-01	6.600000e-01	2.005574e-02
6.700000000000000e-01	6.700000e-01	1.651787e-02
6.800000000000000e-01	6.800000e-01	1.348288e-02
6.900000000000001e-01	6.900000e-01	1.088059e-02
7.000000000000001e-01	7.000000e-01	8.655036e-03
7.100000000000000e-01	7.100000e-01	6.760799e-03
7.200000000000000e-01	7.200000e-01	5.160438e-03
7.300000000000000e-01	7.300000e-01	3.822681e-03
7.400000000000000e-01	7.400000e-01	2.721110e-03
7.500000000000000e-01	7.500000e-01	1.833181e-03
7.600000000000000e-01	7.600000e-01	1.139484e-03
7.700000000000000e-01	7.700000e-01	6.231754e-04
7.800000000000000e-01	7.800000e-01	2.695371e-04
7.900000000000000e-01	7.900000e-01	6.562222e-05
8.000000000000000e-01	8.000000e-01	-1.954674e-08
8.100000000000001e-01	8.100000e-01	-7.243265e-10
8.200000000000001e-01	8.200000e-01	4.509621e-09
8.300000000000001e-01	8.300000e-01	4.404746e-09
8.400000000000000e-01	8.400000e-01	4.304638e-09
8.500000000000000e-01	8.500000e-01	4.208979e-09
8.600000000000000e-01	8.600000e-01	4.117480e-09
8.700000000000000e-01	8.700000e-01	4.029874e-09
8.800000000000000e-01	8.800000e-01	3.945918e-09
8.900000000000000e-01	8.900000e-01	3.865389e-09
9.000000000000000e-01	9.000000e-01	3.788081e-09
9.100000000000000e-01	9.100000e-01	3.713805e-09
9.200000000000000e-01	9.200000e-01	3.642386e-09
9.300000000000000e-01	9.300000e-01	3.573662e-09
9.400000000000001e-01	9.400000e-01	3.507483e-09
9.500000000000001e-01	9.500000e-01	3.443711e-09
9.600000000000000e-01	9.600000e-01	3.382216e-09
9.700000000000000e-01	9.700000e-01	3.322879e-09
9.800000000000000e-01	9.800000e-01	3.265588e-09
9.900000000000000e-01	9.900000e-01	3.210239e-09
1.000000000000000e+00	1.000000e+00	3.156735e-09
1.010000000000000e+00	1.010000e+00	3.104985e-09
1.020000000000000e+00	1.020000e+00	3.054905e-09
1.030000000000000e+00	1.030000e+00	3.006414e-09
1.040000000000000e+00	1.040000e+00	2.959439e-09
1.050000000000000e+00	1.050000e+00	2.913909e-09
1.060000000000000e+00	1.060000e+00	2.869759e-09
1.070000000000000e+00	1.070000e+00	2.826926e-09
1.080000000000000e+00	1.080000e+00	2.785354e-09
1.090000000000000e+00	1.090000e+00	2.744987e-09
1.100000000000000e+00	1.100000e+00	2.705772e-09
1.110000000000000e+00	1.110000e+00	2.667663e-09
1.120000000000000e+00	1.120000e+00	2.630612e-09
1.130000000000000e+00	1.130000e+00	2.594577e-09
1.140000000000000e+00	1.140000e+00	2.559515e-09
1.150000000000000e+00	1.150000e+00	2.525388e-09
1.160000000000000e+00	1.160000e+00	2.492159e-09
1.170000000000000e+00	1.170000e+00	2.459793e-09
1.180000000000000e+00	1.180000e+00	2.428257e-09
1.190000000000000e+00	1.190000e+00	2.397520e-09
1.200000000000000e+00	1.200000e+00	2.367551e-09
Step Information: Wn=2µ Wp_ratio=1.5  (Step: 2/14)
0.000000000000000e+00	0.000000e+00	1.200000e+00
1.000000000000000e-02	1.000000e-02	1.200000e+00
2.000000000000000e-02	2.000000e-02	1.200000e+00
3.000000000000000e-02	3.000000e-02	1.200000e+00
4.000000000000000e-02	4.000000e-02	1.200000e+00
5.000000000000000e-02	5.000000e-02	1.200000e+00
6.000000000000000e-02	6.000000e-02	1.200000e+00
7.000000000000001e-02	7.000000e-02	1.200000e+00
8.000000000000000e-02	8.000000e-02	1.200000e+00
9.000000000000000e-02	9.000000e-02	1.200000e+00
1.000000000000000e-01	1.000000e-01	1.200000e+00
1.100000000000000e-01	1.100000e-01	1.200000e+00
1.200000000000000e-01	1.200000e-01	1.200000e+00
1.300000000000000e-01	1.300000e-01	1.200000e+00
1.400000000000000e-01	1.400000e-01	1.200000e+00
1.500000000000000e-01	1.500000e-01	1.200000e+00
1.600000000000000e-01	1.600000e-01	1.200000e+00
1.700000000000000e-01	1.700000e-01	1.200000e+00
1.800000000000000e-01	1.800000e-01	1.200000e+00
1.900000000000000e-01	1.900000e-01	1.200000e+00
2.000000000000000e-01	2.000000e-01	1.200000e+00
2.100000000000000e-01	2.100000e-01	1.200000e+00
2.200000000000000e-01	2.200000e-01	1.200000e+00
2.300000000000000e-01	2.300000e-01	1.200000e+00
2.400000000000000e-01	2.400000e-01	1.200000e+00
2.500000000000000e-01	2.500000e-01	1.200000e+00
2.600000000000000e-01	2.600000e-01	1.200000e+00
2.700000000000000e-01	2.700000e-01	1.200000e+00
2.800000000000000e-01	2.800000e-01	1.200000e+00
2.900000000000000e-01	2.900000e-01	1.200000e+00
3.000000000000000e-01	3.000000e-01	1.200000e+00
3.100000000000000e-01	3.100000e-01	1.200000e+00
3.200000000000000e-01	3.200000e-01	1.200000e+00
3.300000000000000e-01	3.300000e-01	1.200000e+00
3.400000000000000e-01	3.400000e-01	1.200000e+00
3.500000000000000e-01	3.500000e-01	1.200000e+00
3.600000000000000e-01	3.600000e-01	1.200000e+00
3.700000000000000e-01	3.700000e-01	1.200000e+00
3.800000000000000e-01	3.800000e-01	1.200000e+00
3.900000000000000e-01	3.900000e-01	1.200000e+00
4.000000000000000e-01	4.000000e-01	1.200000e+00
4.100000000000000e-01	4.100000e-01	1.199737e+00
4.200000000000000e-01	4.200000e-01	1.198921e+00
4.300000000000000e-01	4.300000e-01	1.197501e+00
4.400000000000000e-01	4.400000e-01	1.195421e+00
4.500000000000000e-01	4.500000e-01	1.192611e+00
4.600000000000000e-01	4.600000e-01	1.188985e+00
4.700000000000000e-01	4.700000e-01	1.184439e+00
4.800000000000000e-01	4.800000e-01	1.178839e+00
4.900000000000000e-01	4.900000e-01	1.172012e+00
5.000000000000000e-01	5.000000e-01	1.163726e+00
5.100000000000000e-01	5.100000e-01	1.153655e+00
5.200000000000000e-01	5.200000e-01	1.141319e+00
5.300000000000000e-01	5.300000e-01	1.125957e+00
5.400000000000000e-01	5.400000e-01	1.106213e+00
5.500000000000000e-01	5.500000e-01	1.079198e+00
5.600000000000001e-01	5.600000e-01	1.034273e+00
5.700000000000001e-01	5.700000e-01	1.258457e-01
5.800000000000000e-01	5.800000e-01	9.219710e-02
5.900000000000000e-01	5.900000e-01	7.343696e-02
6.000000000000000e-01	6.000000e-01	6.011213e-02
6.100000000000000e-01	6.100000e-01	4.980573e-02
6.200000000000000e-01	6.200000e-01	4.155499e-02
6.300000000000000e-01	6.300000e-01	3.474233e-02
6.400000000000000e-01	6.400000e-01	2.902837e-02
6.500000000000000e-01	6.500000e-01	2.418645e-02
6.600000000000000e-01	6.600000e-01	2.005573e-02
6.700000000000000e-01	6.700000e-01	1.651786e-02
6.800000000000000e-01	6.800000e-01	1.348288e-02
6.900000000000001e-01	6.900000e-01	1.088059e-02
7.000000000000001e-01	7.000000e-01	8.655033e-03
7.100000000000000e-01	7.100000e-01	6.760796e-03
7.200000000000000e-01	7.200000e-01	5.160435e-03
7.300000000000000e-01	7.300000e-01	3.822678e-03
7.400000000000000e-01	7.400000e-01	2.721107e-03
7.500000000000000e-01	7.500000e-01	1.833178e-03
7.600000000000000e-01	7.600000e-01	1.139481e-03
7.700000000000000e-01	7.700000e-01	6.231728e-04
7.800000000000000e-01	7.800000e-01	2.695346e-04
7.900000000000000e-01	7.900000e-01	6.561979e-05
8.000000000000000e-01	8.000000e-01	-2.191429e-08
8.100000000000001e-01	8.100000e-01	-3.034132e-09
8.200000000000001e-01	8.200000e-01	2.254810e-09
8.300000000000001e-01	8.300000e-01	2.202373e-09
8.400000000000000e-01	8.400000e-01	2.152319e-09
8.500000000000000e-01	8.500000e-01	2.104490e-09
8.600000000000000e-01	8.600000e-01	2.058740e-09
8.700000000000000e-01	8.700000e-01	2.014937e-09
8.800000000000000e-01	8.800000e-01	1.972959e-09
8.900000000000000e-01	8.900000e-01	1.932695e-09
9.000000000000000e-01	9.000000e-01	1.894041e-09
9.100000000000000e-01	9.100000e-01	1.856903e-09
9.200000000000000e-01	9.200000e-01	1.821193e-09
9.300000000000000e-01	9.300000e-01	1.786831e-09
9.400000000000001e-01	9.400000e-01	1.753741e-09
9.500000000000001e-01	9.500000e-01	1.721855e-09
9.600000000000000e-01	9.600000e-01	1.691108e-09
9.700000000000000e-01	9.700000e-01	1.661439e-09
9.800000000000000e-01	9.800000e-01	1.632794e-09
9.900000000000000e-01	9.900000e-01	1.605119e-09
1.000000000000000e+00	1.000000e+00	1.578367e-09
1.010000000000000e+00	1.010000e+00	1.552492e-09
1.020000000000000e+00	1.020000e+00	1.527452e-09
1.030000000000000e+00	1.030000e+00	1.503207e-09
1.040000000000000e+00	1.040000e+00	1.479719e-09
1.050000000000000e+00	1.050000e+00	1.456954e-09
1.060000000000000e+00	1.060000e+00	1.434879e-09
1.070000000000000e+00	1.070000e+00	1.413463e-09
1.080000000000000e+00	1.080000e+00	1.392677e-09
1.090000000000000e+00	1.090000e+00	1.372493e-09
1.100000000000000e+00	1.100000e+00	1.352886e-09
1.110000000000000e+00	1.110000e+00	1.333832e-09
1.120000000000000e+00	1.120000e+00	1.315306e-09
1.130000000000000e+00	1.130000e+00	1.297288e-09
1.140000000000000e+00	1.140000e+00	1.279757e-09
1.150000000000000e+00	1.150000e+00	1.262694e-09
1.160000000000000e+00	1.160000e+00	1.246079e-09
1.170000000000000e+00	1.170000e+00	1.229897e-09
1.180000000000000e+00	1.180000e+00	1.214129e-09
1.190000000000000e+00	1.190000e+00	1.198760e-09
1.200000000000000e+00	1.200000e+00	1.183776e-09
Step Information: Wn=1µ Wp_ratio=1.75  (Step: 3/14)
0.000000000000000e+00	0.000000e+00	1.200000e+00
1.000000000000000e-02	1.000000e-02	1.200000e+00
2.000000000000000e-02	2.000000e-02	1.200000e+00
3.000000000000000e-02	3.000000e-02	1.200000e+00
4.000000000000000e-02	4.000000e-02	1.200000e+00
5.000000000000000e-02	5.000000e-02	1.200000e+00
6.000000000000000e-02	6.000000e-02	1.200000e+00
7.000000000000001e-02	7.000000e-02	1.200000e+00
8.000000000000000e-02	8.000000e-02	1.200000e+00
9.000000000000000e-02	9.000000e-02	1.200000e+00
1.000000000000000e-01	1.000000e-01	1.200000e+00
1.100000000000000e-01	1.100000e-01	1.200000e+00
1.200000000000000e-01	1.200000e-01	1.200000e+00
1.300000000000000e-01	1.300000e-01	1.200000e+00
1.400000000000000e-01	1.400000e-01	1.200000e+00
1.500000000000000e-01	1.500000e-01	1.200000e+00
1.600000000000000e-01	1.600000e-01	1.200000e+00
1.700000000000000e-01	1.700000e-01	1.200000e+00
1.800000000000000e-01	1.800000e-01	1.200000e+00
1.900000000000000e-01	1.900000e-01	1.200000e+00
2.000000000000000e-01	2.000000e-01	1.200000e+00
2.100000000000000e-01	2.100000e-01	1.200000e+00
2.200000000000000e-01	2.200000e-01	1.200000e+00
2.300000000000000e-01	2.300000e-01	1.200000e+00
2.400000000000000e-01	2.400000e-01	1.200000e+00
2.500000000000000e-01	2.500000e-01	1.200000e+00
2.600000000000000e-01	2.600000e-01	1.200000e+00
2.700000000000000e-01	2.700000e-01	1.200000e+00
2.800000000000000e-01	2.800000e-01	1.200000e+00
2.900000000000000e-01	2.900000e-01	1.200000e+00
3.000000000000000e-01	3.000000e-01	1.200000e+00
3.100000000000000e-01	3.100000e-01	1.200000e+00
3.200000000000000e-01	3.200000e-01	1.200000e+00
3.300000000000000e-01	3.300000e-01	1.200000e+00
3.400000000000000e-01	3.400000e-01	1.200000e+00
3.500000000000000e-01	3.500000e-01	1.200000e+00
3.600000000000000e-01	3.600000e-01	1.200000e+00
3.700000000000000e-01	3.700000e-01	1.200000e+00
3.800000000000000e-01	3.800000e-01	1.200000e+00
3.900000000000000e-01	3.900000e-01	1.200000e+00
4.000000000000000e-01	4.000000e-01	1.200000e+00
4.100000000000000e-01	4.100000e-01	1.199775e+00
4.200000000000000e-01	4.200000e-01	1.199075e+00
4.300000000000000e-01	4.300000e-01	1.197859e+00
4.400000000000000e-01	4.400000e-01	1.196079e+00
4.500000000000000e-01	4.500000e-01	1.193676e+00
4.600000000000000e-01	4.600000e-01	1.190580e+00
4.700000000000000e-01	4.700000e-01	1.186707e+00
4.800000000000000e-01	4.800000e-01	1.181950e+00
4.900000000000000e-01	4.900000e-01	1.176174e+00
5.000000000000000e-01	5.000000e-01	1.169200e+00
5.100000000000000e-01	5.100000e-01	1.160787e+00
5.200000000000000e-01	5.200000e-01	1.150596e+00
5.300000000000000e-01	5.300000e-01	1.138113e+00
5.400000000000000e-01	5.400000e-01	1.122506e+00
5.500000000000000e-01	5.500000e-01	1.102239e+00
5.600000000000001e-01	5.600000e-01	1.073803e+00
5.700000000000001e-01	5.700000e-01	1.020424e+00
5.800000000000000e-01	5.800000e-01	1.197867e-01
5.900000000000000e-01	5.900000e-01	9.074315e-02
6.000000000000000e-01	6.000000e-01	7.281692e-02
6.100000000000000e-01	6.100000e-01	5.970992e-02
6.200000000000000e-01	6.200000e-01	4.943579e-02
6.300000000000000e-01	6.300000e-01	4.113765e-02
6.400000000000000e-01	6.400000e-01	3.425515e-02
6.500000000000000e-01	6.500000e-01	2.846828e-02
6.600000000000000e-01	6.600000e-01	2.355989e-02
6.700000000000000e-01	6.700000e-01	1.937417e-02
6.800000000000000e-01	6.800000e-01	1.579529e-02
6.900000000000001e-01	6.900000e-01	1.273448e-02
7.000000000000001e-01	7.000000e-01	1.012201e-02
7.100000000000000e-01	7.100000e-01	7.901904e-03
7.200000000000000e-01	7.200000e-01	6.028516e-03
7.300000000000000e-01	7.300000e-01	4.464021e-03
7.400000000000000e-01	7.400000e-01	3.176690e-03
7.500000000000000e-01	7.500000e-01	2.139610e-03
7.600000000000000e-01	7.600000e-01	1.329728e-03
7.700000000000000e-01	7.700000e-01	7.271280e-04
7.800000000000000e-01	7.800000e-01	3.144704e-04
7.900000000000000e-01	7.900000e-01	7.655381e-05
8.000000000000000e-01	8.000000e-01	-2.832170e-08
8.100000000000001e-01	8.100000e-01	-2.654803e-09
8.200000000000001e-01	8.200000e-01	4.509621e-09
8.300000000000001e-01	8.300000e-01	4.404746e-09
8.400000000000000e-01	8.400000e-01	4.304638e-09
8.500000000000000e-01	8.500000e-01	4.208979e-09
8.600000000000000e-01	8.600000e-01	4.117480e-09
8.700000000000000e-01	8.700000e-01	4.029874e-09
8.800000000000000e-01	8.800000e-01	3.945918e-09
8.900000000000000e-01	8.900000e-01	3.865389e-09
9.000000000000000e-01	9.000000e-01	3.788081e-09
9.100000000000000e-01	9.100000e-01	3.713805e-09
9.200000000000000e-01	9.200000e-01	3.642386e-09
9.300000000000000e-01	9.300000e-01	3.573662e-09
9.400000000000001e-01	9.400000e-01	3.507483e-09
9.500000000000001e-01	9.500000e-01	3.443711e-09
9.600000000000000e-01	9.600000e-01	3.382216e-09
9.700000000000000e-01	9.700000e-01	3.322879e-09
9.800000000000000e-01	9.800000e-01	3.265588e-09
9.900000000000000e-01	9.900000e-01	3.210239e-09
1.000000000000000e+00	1.000000e+00	3.156735e-09
1.010000000000000e+00	1.010000e+00	3.104985e-09
1.020000000000000e+00	1.020000e+00	3.054905e-09
1.030000000000000e+00	1.030000e+00	3.006414e-09
1.040000000000000e+00	1.040000e+00	2.959439e-09
1.050000000000000e+00	1.050000e+00	2.913909e-09
1.060000000000000e+00	1.060000e+00	2.869759e-09
1.070000000000000e+00	1.070000e+00	2.826926e-09
1.080000000000000e+00	1.080000e+00	2.785354e-09
1.090000000000000e+00	1.090000e+00	2.744987e-09
1.100000000000000e+00	1.100000e+00	2.705772e-09
1.110000000000000e+00	1.110000e+00	2.667663e-09
1.120000000000000e+00	1.120000e+00	2.630612e-09
1.130000000000000e+00	1.130000e+00	2.594577e-09
1.140000000000000e+00	1.140000e+00	2.559515e-09
1.150000000000000e+00	1.150000e+00	2.525388e-09
1.160000000000000e+00	1.160000e+00	2.492159e-09
1.170000000000000e+00	1.170000e+00	2.459793e-09
1.180000000000000e+00	1.180000e+00	2.428257e-09
1.190000000000000e+00	1.190000e+00	2.397520e-09
1.200000000000000e+00	1.200000e+00	2.367551e-09
Step Information: Wn=2µ Wp_ratio=1.75  (Step: 4/14)
0.000000000000000e+00	0.000000e+00	1.200000e+00
1.000000000000000e-02	1.000000e-02	1.200000e+00
2.000000000000000e-02	2.000000e-02	1.200000e+00
3.000000000000000e-02	3.000000e-02	1.200000e+00
4.000000000000000e-02	4.000000e-02	1.200000e+00
5.000000000000000e-02	5.000000e-02	1.200000e+00
6.000000000000000e-02	6.000000e-02	1.200000e+00
7.000000000000001e-02	7.000000e-02	1.200000e+00
8.000000000000000e-02	8.000000e-02	1.200000e+00
9.000000000000000e-02	9.000000e-02	1.200000e+00
1.000000000000000e-01	1.000000e-01	1.200000e+00
1.100000000000000e-01	1.100000e-01	1.200000e+00
1.200000000000000e-01	1.200000e-01	1.200000e+00
1.300000000000000e-01	1.300000e-01	1.200000e+00
1.400000000000000e-01	1.400000e-01	1.200000e+00
1.500000000000000e-01	1.500000e-01	1.200000e+00
1.600000000000000e-01	1.600000e-01	1.200000e+00
1.700000000000000e-01	1.700000e-01	1.200000e+00
1.800000000000000e-01	1.800000e-01	1.200000e+00
1.900000000000000e-01	1.900000e-01	1.200000e+00
2.000000000000000e-01	2.000000e-01	1.200000e+00
2.100000000000000e-01	2.100000e-01	1.200000e+00
2.200000000000000e-01	2.200000e-01	1.200000e+00
2.300000000000000e-01	2.300000e-01	1.200000e+00
2.400000000000000e-01	2.400000e-01	1.200000e+00
2.500000000000000e-01	2.500000e-01	1.200000e+00
2.600000000000000e-01	2.600000e-01	1.200000e+00
2.700000000000000e-01	2.700000e-01	1.200000e+00
2.800000000000000e-01	2.800000e-01	1.200000e+00
2.900000000000000e-01	2.900000e-01	1.200000e+00
3.000000000000000e-01	3.000000e-01	1.200000e+00
3.100000000000000e-01	3.100000e-01	1.200000e+00
3.200000000000000e-01	3.200000e-01	1.200000e+00
3.300000000000000e-01	3.300000e-01	1.200000e+00
3.400000000000000e-01	3.400000e-01	1.200000e+00
3.500000000000000e-01	3.500000e-01	1.200000e+00
3.600000000000000e-01	3.600000e-01	1.200000e+00
3.700000000000000e-01	3.700000e-01	1.200000e+00
3.800000000000000e-01	3.800000e-01	1.200000e+00
3.900000000000000e-01	3.900000e-01	1.200000e+00
4.000000000000000e-01	4.000000e-01	1.200000e+00
4.100000000000000e-01	4.100000e-01	1.199775e+00
4.200000000000000e-01	4.200000e-01	1.199075e+00
4.300000000000000e-01	4.300000e-01	1.197859e+00
4.400000000000000e-01	4.400000e-01	1.196079e+00
4.500000000000000e-01	4.500000e-01	1.193676e+00
4.600000000000000e-01	4.600000e-01	1.190580e+00
4.700000000000000e-01	4.700000e-01	1.186707e+00
4.800000000000000e-01	4.800000e-01	1.181950e+00
4.900000000000000e-01	4.900000e-01	1.176174e+00
5.000000000000000e-01	5.000000e-01	1.169200e+00
5.100000000000000e-01	5.100000e-01	1.160787e+00
5.200000000000000e-01	5.200000e-01	1.150596e+00
5.300000000000000e-01	5.300000e-01	1.138113e+00
5.400000000000000e-01	5.400000e-01	1.122506e+00
5.500000000000000e-01	5.500000e-01	1.102239e+00
5.600000000000001e-01	5.600000e-01	1.073803e+00
5.700000000000001e-01	5.700000e-01	1.020424e+00
5.800000000000000e-01	5.800000e-01	1.197867e-01
5.900000000000000e-01	5.900000e-01	9.074315e-02
6.000000000000000e-01	6.000000e-01	7.281692e-02
6.100000000000000e-01	6.100000e-01	5.970992e-02
6.200000000000000e-01	6.200000e-01	4.943578e-02
6.300000000000000e-01	6.300000e-01	4.113764e-02
6.400000000000000e-01	6.400000e-01	3.425514e-02
6.500000000000000e-01	6.500000e-01	2.846828e-02
6.600000000000000e-01	6.600000e-01	2.355989e-02
6.700000000000000e-01	6.700000e-01	1.937416e-02
6.800000000000000e-01	6.800000e-01	1.579528e-02
6.900000000000001e-01	6.900000e-01	1.273448e-02
7.000000000000001e-01	7.000000e-01	1.012200e-02
7.100000000000000e-01	7.100000e-01	7.901901e-03
7.200000000000000e-01	7.200000e-01	6.028513e-03
7.300000000000000e-01	7.300000e-01	4.464018e-03
7.400000000000000e-01	7.400000e-01	3.176687e-03
7.500000000000000e-01	7.500000e-01	2.139607e-03
7.600000000000000e-01	7.600000e-01	1.329725e-03
7.700000000000000e-01	7.700000e-01	7.271254e-04
7.800000000000000e-01	7.800000e-01	3.144679e-04
7.900000000000000e-01	7.900000e-01	7.655138e-05
8.000000000000000e-01	8.000000e-01	-3.068924e-08
8.100000000000001e-01	8.100000e-01	-4.964609e-09
8.200000000000001e-01	8.200000e-01	2.254810e-09
8.300000000000001e-01	8.300000e-01	2.202373e-09
8.400000000000000e-01	8.400000e-01	2.152319e-09
8.500000000000000e-01	8.500000e-01	2.104490e-09
8.600000000000000e-01	8.600000e-01	2.058740e-09
8.700000000000000e-01	8.700000e-01	2.014937e-09
8.800000000000000e-01	8.800000e-01	1.972959e-09
8.900000000000000e-01	8.900000e-01	1.932695e-09
9.000000000000000e-01	9.000000e-01	1.894041e-09
9.100000000000000e-01	9.100000e-01	1.856903e-09
9.200000000000000e-01	9.200000e-01	1.821193e-09
9.300000000000000e-01	9.300000e-01	1.786831e-09
9.400000000000001e-01	9.400000e-01	1.753741e-09
9.500000000000001e-01	9.500000e-01	1.721855e-09
9.600000000000000e-01	9.600000e-01	1.691108e-09
9.700000000000000e-01	9.700000e-01	1.661439e-09
9.800000000000000e-01	9.800000e-01	1.632794e-09
9.900000000000000e-01	9.900000e-01	1.605119e-09
1.000000000000000e+00	1.000000e+00	1.578367e-09
1.010000000000000e+00	1.010000e+00	1.552492e-09
1.020000000000000e+00	1.020000e+00	1.527452e-09
1.030000000000000e+00	1.030000e+00	1.503207e-09
1.040000000000000e+00	1.040000e+00	1.479719e-09
1.050000000000000e+00	1.050000e+00	1.456954e-09
1.060000000000000e+00	1.060000e+00	1.434879e-09
1.070000000000000e+00	1.070000e+00	1.413463e-09
1.080000000000000e+00	1.080000e+00	1.392677e-09
1.090000000000000e+00	1.090000e+00	1.372493e-09
1.100000000000000e+00	1.100000e+00	1.352886e-09
1.110000000000000e+00	1.110000e+00	1.333832e-09
1.120000000000000e+00	1.120000e+00	1.315306e-09
1.130000000000000e+00	1.130000e+00	1.297288e-09
1.140000000000000e+00	1.140000e+00	1.279757e-09
1.150000000000000e+00	1.150000e+00	1.262694e-09
1.160000000000000e+00	1.160000e+00	1.246079e-09
1.170000000000000e+00	1.170000e+00	1.229897e-09
1.180000000000000e+00	1.180000e+00	1.214129e-09
1.190000000000000e+00	1.190000e+00	1.198760e-09
1.200000000000000e+00	1.200000e+00	1.183776e-09
Step Information: Wn=1µ Wp_ratio=2  (Step: 5/14)
0.000000000000000e+00	0.000000e+00	1.200000e+00
1.000000000000000e-02	1.000000e-02	1.200000e+00
2.000000000000000e-02	2.000000e-02	1.200000e+00
3.000000000000000e-02	3.000000e-02	1.200000e+00
4.000000000000000e-02	4.000000e-02	1.200000e+00
5.000000000000000e-02	5.000000e-02	1.200000e+00
6.000000000000000e-02	6.000000e-02	1.200000e+00
7.000000000000001e-02	7.000000e-02	1.200000e+00
8.000000000000000e-02	8.000000e-02	1.200000e+00
9.000000000000000e-02	9.000000e-02	1.200000e+00
1.000000000000000e-01	1.000000e-01	1.200000e+00
1.100000000000000e-01	1.100000e-01	1.200000e+00
1.200000000000000e-01	1.200000e-01	1.200000e+00
1.300000000000000e-01	1.300000e-01	1.200000e+00
1.400000000000000e-01	1.400000e-01	1.200000e+00
1.500000000000000e-01	1.500000e-01	1.200000e+00
1.600000000000000e-01	1.600000e-01	1.200000e+00
1.700000000000000e-01	1.700000e-01	1.200000e+00
1.800000000000000e-01	1.800000e-01	1.200000e+00
1.900000000000000e-01	1.900000e-01	1.200000e+00
2.000000000000000e-01	2.000000e-01	1.200000e+00
2.100000000000000e-01	2.100000e-01	1.200000e+00
2.200000000000000e-01	2.200000e-01	1.200000e+00
2.300000000000000e-01	2.300000e-01	1.200000e+00
2.400000000000000e-01	2.400000e-01	1.200000e+00
2.500000000000000e-01	2.500000e-01	1.200000e+00
2.600000000000000e-01	2.600000e-01	1.200000e+00
2.700000000000000e-01	2.700000e-01	1.200000e+00
2.800000000000000e-01	2.800000e-01	1.200000e+00
2.900000000000000e-01	2.900000e-01	1.200000e+00
3.000000000000000e-01	3.000000e-01	1.200000e+00
3.100000000000000e-01	3.100000e-01	1.200000e+00
3.200000000000000e-01	3.200000e-01	1.200000e+00
3.300000000000000e-01	3.300000e-01	1.200000e+00
3.400000000000000e-01	3.400000e-01	1.200000e+00
3.500000000000000e-01	3.500000e-01	1.200000e+00
3.600000000000000e-01	3.600000e-01	1.200000e+00
3.700000000000000e-01	3.700000e-01	1.200000e+00
3.800000000000000e-01	3.800000e-01	1.200000e+00
3.900000000000000e-01	3.900000e-01	1.200000e+00
4.000000000000000e-01	4.000000e-01	1.200000e+00
4.100000000000000e-01	4.100000e-01	1.199803e+00
4.200000000000000e-01	4.200000e-01	1.199191e+00
4.300000000000000e-01	4.300000e-01	1.198128e+00
4.400000000000000e-01	4.400000e-01	1.196571e+00
4.500000000000000e-01	4.500000e-01	1.194472e+00
4.600000000000000e-01	4.600000e-01	1.191772e+00
4.700000000000000e-01	4.700000e-01	1.188398e+00
4.800000000000000e-01	4.800000e-01	1.184263e+00
4.900000000000000e-01	4.900000e-01	1.179257e+00
5.000000000000000e-01	5.000000e-01	1.173235e+00
5.100000000000000e-01	5.100000e-01	1.166009e+00
5.200000000000000e-01	5.200000e-01	1.157320e+00
5.300000000000000e-01	5.300000e-01	1.146794e+00
5.400000000000000e-01	5.400000e-01	1.133852e+00
5.500000000000000e-01	5.500000e-01	1.117523e+00
5.600000000000001e-01	5.600000e-01	1.095896e+00
5.700000000000001e-01	5.700000e-01	1.064079e+00
5.800000000000000e-01	5.800000e-01	4.956706e-01
5.900000000000000e-01	5.900000e-01	1.117244e-01
6.000000000000000e-01	6.000000e-01	8.692040e-02
6.100000000000000e-01	6.100000e-01	7.027118e-02
6.200000000000000e-01	6.200000e-01	5.767836e-02
6.300000000000000e-01	6.300000e-01	4.774968e-02
6.400000000000000e-01	6.400000e-01	3.961470e-02
6.500000000000000e-01	6.500000e-01	3.283248e-02
6.600000000000000e-01	6.600000e-01	2.711550e-02
6.700000000000000e-01	6.700000e-01	2.226260e-02
6.800000000000000e-01	6.800000e-01	1.812761e-02
6.900000000000001e-01	6.900000e-01	1.460054e-02
7.000000000000001e-01	7.000000e-01	1.159624e-02
7.100000000000000e-01	7.100000e-01	9.047216e-03
7.200000000000000e-01	7.200000e-01	6.898931e-03
7.300000000000000e-01	7.300000e-01	5.106587e-03
7.400000000000000e-01	7.400000e-01	3.632865e-03
7.500000000000000e-01	7.500000e-01	2.446298e-03
7.600000000000000e-01	7.600000e-01	1.520068e-03
7.700000000000000e-01	7.700000e-01	8.311066e-04
7.800000000000000e-01	7.800000e-01	3.594069e-04
7.900000000000000e-01	7.900000e-01	8.748407e-05
8.000000000000000e-01	8.000000e-01	-3.844963e-08
8.100000000000001e-01	8.100000e-01	-4.882607e-09
8.200000000000001e-01	8.200000e-01	4.509620e-09
8.300000000000001e-01	8.300000e-01	4.404746e-09
8.400000000000000e-01	8.400000e-01	4.304638e-09
8.500000000000000e-01	8.500000e-01	4.208979e-09
8.600000000000000e-01	8.600000e-01	4.117480e-09
8.700000000000000e-01	8.700000e-01	4.029874e-09
8.800000000000000e-01	8.800000e-01	3.945918e-09
8.900000000000000e-01	8.900000e-01	3.865389e-09
9.000000000000000e-01	9.000000e-01	3.788081e-09
9.100000000000000e-01	9.100000e-01	3.713805e-09
9.200000000000000e-01	9.200000e-01	3.642386e-09
9.300000000000000e-01	9.300000e-01	3.573662e-09
9.400000000000001e-01	9.400000e-01	3.507483e-09
9.500000000000001e-01	9.500000e-01	3.443711e-09
9.600000000000000e-01	9.600000e-01	3.382216e-09
9.700000000000000e-01	9.700000e-01	3.322879e-09
9.800000000000000e-01	9.800000e-01	3.265588e-09
9.900000000000000e-01	9.900000e-01	3.210239e-09
1.000000000000000e+00	1.000000e+00	3.156735e-09
1.010000000000000e+00	1.010000e+00	3.104985e-09
1.020000000000000e+00	1.020000e+00	3.054905e-09
1.030000000000000e+00	1.030000e+00	3.006414e-09
1.040000000000000e+00	1.040000e+00	2.959439e-09
1.050000000000000e+00	1.050000e+00	2.913909e-09
1.060000000000000e+00	1.060000e+00	2.869759e-09
1.070000000000000e+00	1.070000e+00	2.826926e-09
1.080000000000000e+00	1.080000e+00	2.785354e-09
1.090000000000000e+00	1.090000e+00	2.744987e-09
1.100000000000000e+00	1.100000e+00	2.705772e-09
1.110000000000000e+00	1.110000e+00	2.667663e-09
1.120000000000000e+00	1.120000e+00	2.630612e-09
1.130000000000000e+00	1.130000e+00	2.594577e-09
1.140000000000000e+00	1.140000e+00	2.559515e-09
1.150000000000000e+00	1.150000e+00	2.525388e-09
1.160000000000000e+00	1.160000e+00	2.492159e-09
1.170000000000000e+00	1.170000e+00	2.459793e-09
1.180000000000000e+00	1.180000e+00	2.428257e-09
1.190000000000000e+00	1.190000e+00	2.397520e-09
1.200000000000000e+00	1.200000e+00	2.367551e-09
Step Information: Wn=2µ Wp_ratio=2  (Step: 6/14)
0.000000000000000e+00	0.000000e+00	1.200000e+00
1.000000000000000e-02	1.000000e-02	1.200000e+00
2.000000000000000e-02	2.000000e-02	1.200000e+00
3.000000000000000e-02	3.000000e-02	1.200000e+00
4.000000000000000e-02	4.000000e-02	1.200000e+00
5.000000000000000e-02	5.000000e-02	1.200000e+00
6.000000000000000e-02	6.000000e-02	1.200000e+00
7.000000000000001e-02	7.000000e-02	1.200000e+00
8.000000000000000e-02	8.000000e-02	1.200000e+00
9.000000000000000e-02	9.000000e-02	1.200000e+00
1.000000000000000e-01	1.000000e-01	1.200000e+00
1.100000000000000e-01	1.100000e-01	1.200000e+00
1.200000000000000e-01	1.200000e-01	1.200000e+00
1.300000000000000e-01	1.300000e-01	1.200000e+00
1.400000000000000e-01	1.400000e-01	1.200000e+00
1.500000000000000e-01	1.500000e-01	1.200000e+00
1.600000000000000e-01	1.600000e-01	1.200000e+00
1.700000000000000e-01	1.700000e-01	1.200000e+00
1.800000000000000e-01	1.800000e-01	1.200000e+00
1.900000000000000e-01	1.900000e-01	1.200000e+00
2.000000000000000e-01	2.000000e-01	1.200000e+00
2.100000000000000e-01	2.100000e-01	1.200000e+00
2.200000000000000e-01	2.200000e-01	1.200000e+00
2.300000000000000e-01	2.300000e-01	1.200000e+00
2.400000000000000e-01	2.400000e-01	1.200000e+00
2.500000000000000e-01	2.500000e-01	1.200000e+00
2.600000000000000e-01	2.600000e-01	1.200000e+00
2.700000000000000e-01	2.700000e-01	1.200000e+00
2.800000000000000e-01	2.800000e-01	1.200000e+00
2.900000000000000e-01	2.900000e-01	1.200000e+00
3.000000000000000e-01	3.000000e-01	1.200000e+00
3.100000000000000e-01	3.100000e-01	1.200000e+00
3.200000000000000e-01	3.200000e-01	1.200000e+00
3.300000000000000e-01	3.300000e-01	1.200000e+00
3.400000000000000e-01	3.400000e-01	1.200000e+00
3.500000000000000e-01	3.500000e-01	1.200000e+00
3.600000000000000e-01	3.600000e-01	1.200000e+00
3.700000000000000e-01	3.700000e-01	1.200000e+00
3.800000000000000e-01	3.800000e-01	1.200000e+00
3.900000000000000e-01	3.900000e-01	1.200000e+00
4.000000000000000e-01	4.000000e-01	1.200000e+00
4.100000000000000e-01	4.100000e-01	1.199803e+00
4.200000000000000e-01	4.200000e-01	1.199191e+00
4.300000000000000e-01	4.300000e-01	1.198128e+00
4.400000000000000e-01	4.400000e-01	1.196571e+00
4.500000000000000e-01	4.500000e-01	1.194472e+00
4.600000000000000e-01	4.600000e-01	1.191772e+00
4.700000000000000e-01	4.700000e-01	1.188398e+00
4.800000000000000e-01	4.800000e-01	1.184263e+00
4.900000000000000e-01	4.900000e-01	1.179257e+00
5.000000000000000e-01	5.000000e-01	1.173235e+00
5.100000000000000e-01	5.100000e-01	1.166009e+00
5.200000000000000e-01	5.200000e-01	1.157320e+00
5.300000000000000e-01	5.300000e-01	1.146794e+00
5.400000000000000e-01	5.400000e-01	1.133852e+00
5.500000000000000e-01	5.500000e-01	1.117523e+00
5.600000000000001e-01	5.600000e-01	1.095896e+00
5.700000000000001e-01	5.700000e-01	1.064079e+00
5.800000000000000e-01	5.800000e-01	4.956703e-01
5.900000000000000e-01	5.900000e-01	1.117244e-01
6.000000000000000e-01	6.000000e-01	8.692040e-02
6.100000000000000e-01	6.100000e-01	7.027118e-02
6.200000000000000e-01	6.200000e-01	5.767835e-02
6.300000000000000e-01	6.300000e-01	4.774967e-02
6.400000000000000e-01	6.400000e-01	3.961470e-02
6.500000000000000e-01	6.500000e-01	3.283247e-02
6.600000000000000e-01	6.600000e-01	2.711550e-02
6.700000000000000e-01	6.700000e-01	2.226260e-02
6.800000000000000e-01	6.800000e-01	1.812761e-02
6.900000000000001e-01	6.900000e-01	1.460054e-02
7.000000000000001e-01	7.000000e-01	1.159624e-02
7.100000000000000e-01	7.100000e-01	9.047213e-03
7.200000000000000e-01	7.200000e-01	6.898928e-03
7.300000000000000e-01	7.300000e-01	5.106584e-03
7.400000000000000e-01	7.400000e-01	3.632863e-03
7.500000000000000e-01	7.500000e-01	2.446295e-03
7.600000000000000e-01	7.600000e-01	1.520065e-03
7.700000000000000e-01	7.700000e-01	8.311040e-04
7.800000000000000e-01	7.800000e-01	3.594044e-04
7.900000000000000e-01	7.900000e-01	8.748165e-05
8.000000000000000e-01	8.000000e-01	-4.081718e-08
8.100000000000001e-01	8.100000e-01	-7.192412e-09
8.200000000000001e-01	8.200000e-01	2.254810e-09
8.300000000000001e-01	8.300000e-01	2.202373e-09
8.400000000000000e-01	8.400000e-01	2.152319e-09
8.500000000000000e-01	8.500000e-01	2.104490e-09
8.600000000000000e-01	8.600000e-01	2.058740e-09
8.700000000000000e-01	8.700000e-01	2.014937e-09
8.800000000000000e-01	8.800000e-01	1.972959e-09
8.900000000000000e-01	8.900000e-01	1.932695e-09
9.000000000000000e-01	9.000000e-01	1.894041e-09
9.100000000000000e-01	9.100000e-01	1.856903e-09
9.200000000000000e-01	9.200000e-01	1.821193e-09
9.300000000000000e-01	9.300000e-01	1.786831e-09
9.400000000000001e-01	9.400000e-01	1.753741e-09
9.500000000000001e-01	9.500000e-01	1.721855e-09
9.600000000000000e-01	9.600000e-01	1.691108e-09
9.700000000000000e-01	9.700000e-01	1.661439e-09
9.800000000000000e-01	9.800000e-01	1.632794e-09
9.900000000000000e-01	9.900000e-01	1.605119e-09
1.000000000000000e+00	1.000000e+00	1.578367e-09
1.010000000000000e+00	1.010000e+00	1.552492e-09
1.020000000000000e+00	1.020000e+00	1.527452e-09
1.030000000000000e+00	1.030000e+00	1.503207e-09
1.040000000000000e+00	1.040000e+00	1.479719e-09
1.050000000000000e+00	1.050000e+00	1.456954e-09
1.060000000000000e+00	1.060000e+00	1.434879e-09
1.070000000000000e+00	1.070000e+00	1.413463e-09
1.080000000000000e+00	1.080000e+00	1.392677e-09
1.090000000000000e+00	1.090000e+00	1.372493e-09
1.100000000000000e+00	1.100000e+00	1.352886e-09
1.110000000000000e+00	1.110000e+00	1.333832e-09
1.120000000000000e+00	1.120000e+00	1.315306e-09
1.130000000000000e+00	1.130000e+00	1.297288e-09
1.140000000000000e+00	1.140000e+00	1.279757e-09
1.150000000000000e+00	1.150000e+00	1.262694e-09
1.160000000000000e+00	1.160000e+00	1.246079e-09
1.170000000000000e+00	1.170000e+00	1.229897e-09
1.180000000000000e+00	1.180000e+00	1.214129e-09
1.190000000000000e+00	1.190000e+00	1.198760e-09
1.200000000000000e+00	1.200000e+00	1.183776e-09
Step Information: Wn=1µ Wp_ratio=2.25  (Step: 7/14)
0.000000000000000e+00	0.000000e+00	1.200000e+00
1.000000000000000e-02	1.000000e-02	1.200000e+00
2.000000000000000e-02	2.000000e-02	1.200000e+00
3.000000000000000e-02	3.000000e-02	1.200000e+00
4.000000000000000e-02	4.000000e-02	1.200000e+00
5.000000000000000e-02	5.000000e-02	1.200000e+00
6.000000000000000e-02	6.000000e-02	1.200000e+00
7.000000000000001e-02	7.000000e-02	1.200000e+00
8.000000000000000e-02	8.000000e-02	1.200000e+00
9.000000000000000e-02	9.000000e-02	1.200000e+00
1.000000000000000e-01	1.000000e-01	1.200000e+00
1.100000000000000e-01	1.100000e-01	1.200000e+00
1.200000000000000e-01	1.200000e-01	1.200000e+00
1.300000000000000e-01	1.300000e-01	1.200000e+00
1.400000000000000e-01	1.400000e-01	1.200000e+00
1.500000000000000e-01	1.500000e-01	1.200000e+00
1.600000000000000e-01	1.600000e-01	1.200000e+00
1.700000000000000e-01	1.700000e-01	1.200000e+00
1.800000000000000e-01	1.800000e-01	1.200000e+00
1.900000000000000e-01	1.900000e-01	1.200000e+00
2.000000000000000e-01	2.000000e-01	1.200000e+00
2.100000000000000e-01	2.100000e-01	1.200000e+00
2.200000000000000e-01	2.200000e-01	1.200000e+00
2.300000000000000e-01	2.300000e-01	1.200000e+00
2.400000000000000e-01	2.400000e-01	1.200000e+00
2.500000000000000e-01	2.500000e-01	1.200000e+00
2.600000000000000e-01	2.600000e-01	1.200000e+00
2.700000000000000e-01	2.700000e-01	1.200000e+00
2.800000000000000e-01	2.800000e-01	1.200000e+00
2.900000000000000e-01	2.900000e-01	1.200000e+00
3.000000000000000e-01	3.000000e-01	1.200000e+00
3.100000000000000e-01	3.100000e-01	1.200000e+00
3.200000000000000e-01	3.200000e-01	1.200000e+00
3.300000000000000e-01	3.300000e-01	1.200000e+00
3.400000000000000e-01	3.400000e-01	1.200000e+00
3.500000000000000e-01	3.500000e-01	1.200000e+00
3.600000000000000e-01	3.600000e-01	1.200000e+00
3.700000000000000e-01	3.700000e-01	1.200000e+00
3.800000000000000e-01	3.800000e-01	1.200000e+00
3.900000000000000e-01	3.900000e-01	1.200000e+00
4.000000000000000e-01	4.000000e-01	1.200000e+00
4.100000000000000e-01	4.100000e-01	1.199825e+00
4.200000000000000e-01	4.200000e-01	1.199281e+00
4.300000000000000e-01	4.300000e-01	1.198336e+00
4.400000000000000e-01	4.400000e-01	1.196954e+00
4.500000000000000e-01	4.500000e-01	1.195091e+00
4.600000000000000e-01	4.600000e-01	1.192696e+00
4.700000000000000e-01	4.700000e-01	1.189708e+00
4.800000000000000e-01	4.800000e-01	1.186051e+00
4.900000000000000e-01	4.900000e-01	1.181632e+00
5.000000000000000e-01	5.000000e-01	1.176333e+00
5.100000000000000e-01	5.100000e-01	1.170000e+00
5.200000000000000e-01	5.200000e-01	1.162425e+00
5.300000000000000e-01	5.300000e-01	1.153318e+00
5.400000000000000e-01	5.400000e-01	1.142248e+00
5.500000000000000e-01	5.500000e-01	1.128532e+00
5.600000000000001e-01	5.600000e-01	1.110947e+00
5.700000000000001e-01	5.700000e-01	1.086875e+00
5.800000000000000e-01	5.800000e-01	1.046581e+00
5.900000000000000e-01	5.900000e-01	1.408146e-01
6.000000000000000e-01	6.000000e-01	1.030214e-01
6.100000000000000e-01	6.100000e-01	8.168233e-02
6.200000000000000e-01	6.200000e-01	6.643544e-02
6.300000000000000e-01	6.300000e-01	5.460266e-02
6.400000000000000e-01	6.400000e-01	4.511621e-02
6.500000000000000e-01	6.500000e-01	3.728385e-02
6.600000000000000e-01	6.600000e-01	3.072489e-02
6.700000000000000e-01	6.700000e-01	2.518428e-02
6.800000000000000e-01	6.800000e-01	2.048037e-02
6.900000000000001e-01	6.900000e-01	1.647900e-02
7.000000000000001e-01	7.000000e-01	1.307785e-02
7.100000000000000e-01	7.100000e-01	1.019678e-02
7.200000000000000e-01	7.200000e-01	7.771700e-03
7.300000000000000e-01	7.300000e-01	5.750386e-03
7.400000000000000e-01	7.400000e-01	4.089638e-03
7.500000000000000e-01	7.500000e-01	2.753245e-03
7.600000000000000e-01	7.600000e-01	1.710502e-03
7.700000000000000e-01	7.700000e-01	9.351111e-04
7.800000000000000e-01	7.800000e-01	4.043466e-04
7.900000000000000e-01	7.900000e-01	9.841299e-05
8.000000000000000e-01	8.000000e-01	-4.993134e-08
8.100000000000001e-01	8.100000e-01	-7.407824e-09
8.200000000000001e-01	8.200000e-01	4.509620e-09
8.300000000000001e-01	8.300000e-01	4.404746e-09
8.400000000000000e-01	8.400000e-01	4.304638e-09
8.500000000000000e-01	8.500000e-01	4.208979e-09
8.600000000000000e-01	8.600000e-01	4.117480e-09
8.700000000000000e-01	8.700000e-01	4.029874e-09
8.800000000000000e-01	8.800000e-01	3.945918e-09
8.900000000000000e-01	8.900000e-01	3.865389e-09
9.000000000000000e-01	9.000000e-01	3.788081e-09
9.100000000000000e-01	9.100000e-01	3.713805e-09
9.200000000000000e-01	9.200000e-01	3.642386e-09
9.300000000000000e-01	9.300000e-01	3.573662e-09
9.400000000000001e-01	9.400000e-01	3.507483e-09
9.500000000000001e-01	9.500000e-01	3.443711e-09
9.600000000000000e-01	9.600000e-01	3.382216e-09
9.700000000000000e-01	9.700000e-01	3.322879e-09
9.800000000000000e-01	9.800000e-01	3.265588e-09
9.900000000000000e-01	9.900000e-01	3.210239e-09
1.000000000000000e+00	1.000000e+00	3.156735e-09
1.010000000000000e+00	1.010000e+00	3.104985e-09
1.020000000000000e+00	1.020000e+00	3.054905e-09
1.030000000000000e+00	1.030000e+00	3.006414e-09
1.040000000000000e+00	1.040000e+00	2.959439e-09
1.050000000000000e+00	1.050000e+00	2.913909e-09
1.060000000000000e+00	1.060000e+00	2.869759e-09
1.070000000000000e+00	1.070000e+00	2.826926e-09
1.080000000000000e+00	1.080000e+00	2.785354e-09
1.090000000000000e+00	1.090000e+00	2.744987e-09
1.100000000000000e+00	1.100000e+00	2.705772e-09
1.110000000000000e+00	1.110000e+00	2.667663e-09
1.120000000000000e+00	1.120000e+00	2.630612e-09
1.130000000000000e+00	1.130000e+00	2.594577e-09
1.140000000000000e+00	1.140000e+00	2.559515e-09
1.150000000000000e+00	1.150000e+00	2.525388e-09
1.160000000000000e+00	1.160000e+00	2.492159e-09
1.170000000000000e+00	1.170000e+00	2.459793e-09
1.180000000000000e+00	1.180000e+00	2.428257e-09
1.190000000000000e+00	1.190000e+00	2.397520e-09
1.200000000000000e+00	1.200000e+00	2.367551e-09
Step Information: Wn=2µ Wp_ratio=2.25  (Step: 8/14)
0.000000000000000e+00	0.000000e+00	1.200000e+00
1.000000000000000e-02	1.000000e-02	1.200000e+00
2.000000000000000e-02	2.000000e-02	1.200000e+00
3.000000000000000e-02	3.000000e-02	1.200000e+00
4.000000000000000e-02	4.000000e-02	1.200000e+00
5.000000000000000e-02	5.000000e-02	1.200000e+00
6.000000000000000e-02	6.000000e-02	1.200000e+00
7.000000000000001e-02	7.000000e-02	1.200000e+00
8.000000000000000e-02	8.000000e-02	1.200000e+00
9.000000000000000e-02	9.000000e-02	1.200000e+00
1.000000000000000e-01	1.000000e-01	1.200000e+00
1.100000000000000e-01	1.100000e-01	1.200000e+00
1.200000000000000e-01	1.200000e-01	1.200000e+00
1.300000000000000e-01	1.300000e-01	1.200000e+00
1.400000000000000e-01	1.400000e-01	1.200000e+00
1.500000000000000e-01	1.500000e-01	1.200000e+00
1.600000000000000e-01	1.600000e-01	1.200000e+00
1.700000000000000e-01	1.700000e-01	1.200000e+00
1.800000000000000e-01	1.800000e-01	1.200000e+00
1.900000000000000e-01	1.900000e-01	1.200000e+00
2.000000000000000e-01	2.000000e-01	1.200000e+00
2.100000000000000e-01	2.100000e-01	1.200000e+00
2.200000000000000e-01	2.200000e-01	1.200000e+00
2.300000000000000e-01	2.300000e-01	1.200000e+00
2.400000000000000e-01	2.400000e-01	1.200000e+00
2.500000000000000e-01	2.500000e-01	1.200000e+00
2.600000000000000e-01	2.600000e-01	1.200000e+00
2.700000000000000e-01	2.700000e-01	1.200000e+00
2.800000000000000e-01	2.800000e-01	1.200000e+00
2.900000000000000e-01	2.900000e-01	1.200000e+00
3.000000000000000e-01	3.000000e-01	1.200000e+00
3.100000000000000e-01	3.100000e-01	1.200000e+00
3.200000000000000e-01	3.200000e-01	1.200000e+00
3.300000000000000e-01	3.300000e-01	1.200000e+00
3.400000000000000e-01	3.400000e-01	1.200000e+00
3.500000000000000e-01	3.500000e-01	1.200000e+00
3.600000000000000e-01	3.600000e-01	1.200000e+00
3.700000000000000e-01	3.700000e-01	1.200000e+00
3.800000000000000e-01	3.800000e-01	1.200000e+00
3.900000000000000e-01	3.900000e-01	1.200000e+00
4.000000000000000e-01	4.000000e-01	1.200000e+00
4.100000000000000e-01	4.100000e-01	1.199825e+00
4.200000000000000e-01	4.200000e-01	1.199281e+00
4.300000000000000e-01	4.300000e-01	1.198336e+00
4.400000000000000e-01	4.400000e-01	1.196954e+00
4.500000000000000e-01	4.500000e-01	1.195091e+00
4.600000000000000e-01	4.600000e-01	1.192696e+00
4.700000000000000e-01	4.700000e-01	1.189708e+00
4.800000000000000e-01	4.800000e-01	1.186051e+00
4.900000000000000e-01	4.900000e-01	1.181632e+00
5.000000000000000e-01	5.000000e-01	1.176334e+00
5.100000000000000e-01	5.100000e-01	1.170000e+00
5.200000000000000e-01	5.200000e-01	1.162425e+00
5.300000000000000e-01	5.300000e-01	1.153318e+00
5.400000000000000e-01	5.400000e-01	1.142248e+00
5.500000000000000e-01	5.500000e-01	1.128532e+00
5.600000000000001e-01	5.600000e-01	1.110947e+00
5.700000000000001e-01	5.700000e-01	1.086875e+00
5.800000000000000e-01	5.800000e-01	1.046581e+00
5.900000000000000e-01	5.900000e-01	1.408146e-01
6.000000000000000e-01	6.000000e-01	1.030214e-01
6.100000000000000e-01	6.100000e-01	8.168233e-02
6.200000000000000e-01	6.200000e-01	6.643543e-02
6.300000000000000e-01	6.300000e-01	5.460266e-02
6.400000000000000e-01	6.400000e-01	4.511620e-02
6.500000000000000e-01	6.500000e-01	3.728385e-02
6.600000000000000e-01	6.600000e-01	3.072489e-02
6.700000000000000e-01	6.700000e-01	2.518427e-02
6.800000000000000e-01	6.800000e-01	2.048036e-02
6.900000000000001e-01	6.900000e-01	1.647900e-02
7.000000000000001e-01	7.000000e-01	1.307784e-02
7.100000000000000e-01	7.100000e-01	1.019678e-02
7.200000000000000e-01	7.200000e-01	7.771697e-03
7.300000000000000e-01	7.300000e-01	5.750383e-03
7.400000000000000e-01	7.400000e-01	4.089635e-03
7.500000000000000e-01	7.500000e-01	2.753242e-03
7.600000000000000e-01	7.600000e-01	1.710500e-03
7.700000000000000e-01	7.700000e-01	9.351086e-04
7.800000000000000e-01	7.800000e-01	4.043441e-04
7.900000000000000e-01	7.900000e-01	9.841057e-05
8.000000000000000e-01	8.000000e-01	-5.229889e-08
8.100000000000001e-01	8.100000e-01	-9.717628e-09
8.200000000000001e-01	8.200000e-01	2.254809e-09
8.300000000000001e-01	8.300000e-01	2.202373e-09
8.400000000000000e-01	8.400000e-01	2.152319e-09
8.500000000000000e-01	8.500000e-01	2.104490e-09
8.600000000000000e-01	8.600000e-01	2.058740e-09
8.700000000000000e-01	8.700000e-01	2.014937e-09
8.800000000000000e-01	8.800000e-01	1.972959e-09
8.900000000000000e-01	8.900000e-01	1.932695e-09
9.000000000000000e-01	9.000000e-01	1.894041e-09
9.100000000000000e-01	9.100000e-01	1.856903e-09
9.200000000000000e-01	9.200000e-01	1.821193e-09
9.300000000000000e-01	9.300000e-01	1.786831e-09
9.400000000000001e-01	9.400000e-01	1.753741e-09
9.500000000000001e-01	9.500000e-01	1.721855e-09
9.600000000000000e-01	9.600000e-01	1.691108e-09
9.700000000000000e-01	9.700000e-01	1.661439e-09
9.800000000000000e-01	9.800000e-01	1.632794e-09
9.900000000000000e-01	9.900000e-01	1.605119e-09
1.000000000000000e+00	1.000000e+00	1.578367e-09
1.010000000000000e+00	1.010000e+00	1.552492e-09
1.020000000000000e+00	1.020000e+00	1.527452e-09
1.030000000000000e+00	1.030000e+00	1.503207e-09
1.040000000000000e+00	1.040000e+00	1.479719e-09
1.050000000000000e+00	1.050000e+00	1.456954e-09
1.060000000000000e+00	1.060000e+00	1.434879e-09
1.070000000000000e+00	1.070000e+00	1.413463e-09
1.080000000000000e+00	1.080000e+00	1.392677e-09
1.090000000000000e+00	1.090000e+00	1.372493e-09
1.100000000000000e+00	1.100000e+00	1.352886e-09
1.110000000000000e+00	1.110000e+00	1.333832e-09
1.120000000000000e+00	1.120000e+00	1.315306e-09
1.130000000000000e+00	1.130000e+00	1.297288e-09
1.140000000000000e+00	1.140000e+00	1.279757e-09
1.150000000000000e+00	1.150000e+00	1.262694e-09
1.160000000000000e+00	1.160000e+00	1.246079e-09
1.170000000000000e+00	1.170000e+00	1.229897e-09
1.180000000000000e+00	1.180000e+00	1.214129e-09
1.190000000000000e+00	1.190000e+00	1.198760e-09
1.200000000000000e+00	1.200000e+00	1.183776e-09
Step Information: Wn=1µ Wp_ratio=2.5  (Step: 9/14)
0.000000000000000e+00	0.000000e+00	1.200000e+00
1.000000000000000e-02	1.000000e-02	1.200000e+00
2.000000000000000e-02	2.000000e-02	1.200000e+00
3.000000000000000e-02	3.000000e-02	1.200000e+00
4.000000000000000e-02	4.000000e-02	1.200000e+00
5.000000000000000e-02	5.000000e-02	1.200000e+00
6.000000000000000e-02	6.000000e-02	1.200000e+00
7.000000000000001e-02	7.000000e-02	1.200000e+00
8.000000000000000e-02	8.000000e-02	1.200000e+00
9.000000000000000e-02	9.000000e-02	1.200000e+00
1.000000000000000e-01	1.000000e-01	1.200000e+00
1.100000000000000e-01	1.100000e-01	1.200000e+00
1.200000000000000e-01	1.200000e-01	1.200000e+00
1.300000000000000e-01	1.300000e-01	1.200000e+00
1.400000000000000e-01	1.400000e-01	1.200000e+00
1.500000000000000e-01	1.500000e-01	1.200000e+00
1.600000000000000e-01	1.600000e-01	1.200000e+00
1.700000000000000e-01	1.700000e-01	1.200000e+00
1.800000000000000e-01	1.800000e-01	1.200000e+00
1.900000000000000e-01	1.900000e-01	1.200000e+00
2.000000000000000e-01	2.000000e-01	1.200000e+00
2.100000000000000e-01	2.100000e-01	1.200000e+00
2.200000000000000e-01	2.200000e-01	1.200000e+00
2.300000000000000e-01	2.300000e-01	1.200000e+00
2.400000000000000e-01	2.400000e-01	1.200000e+00
2.500000000000000e-01	2.500000e-01	1.200000e+00
2.600000000000000e-01	2.600000e-01	1.200000e+00
2.700000000000000e-01	2.700000e-01	1.200000e+00
2.800000000000000e-01	2.800000e-01	1.200000e+00
2.900000000000000e-01	2.900000e-01	1.200000e+00
3.000000000000000e-01	3.000000e-01	1.200000e+00
3.100000000000000e-01	3.100000e-01	1.200000e+00
3.200000000000000e-01	3.200000e-01	1.200000e+00
3.300000000000000e-01	3.300000e-01	1.200000e+00
3.400000000000000e-01	3.400000e-01	1.200000e+00
3.500000000000000e-01	3.500000e-01	1.200000e+00
3.600000000000000e-01	3.600000e-01	1.200000e+00
3.700000000000000e-01	3.700000e-01	1.200000e+00
3.800000000000000e-01	3.800000e-01	1.200000e+00
3.900000000000000e-01	3.900000e-01	1.200000e+00
4.000000000000000e-01	4.000000e-01	1.200000e+00
4.100000000000000e-01	4.100000e-01	1.199842e+00
4.200000000000000e-01	4.200000e-01	1.199353e+00
4.300000000000000e-01	4.300000e-01	1.198503e+00
4.400000000000000e-01	4.400000e-01	1.197259e+00
4.500000000000000e-01	4.500000e-01	1.195585e+00
4.600000000000000e-01	4.600000e-01	1.193433e+00
4.700000000000000e-01	4.700000e-01	1.190751e+00
4.800000000000000e-01	4.800000e-01	1.187473e+00
4.900000000000000e-01	4.900000e-01	1.183519e+00
5.000000000000000e-01	5.000000e-01	1.178788e+00
5.100000000000000e-01	5.100000e-01	1.173150e+00
5.200000000000000e-01	5.200000e-01	1.166434e+00
5.300000000000000e-01	5.300000e-01	1.158406e+00
5.400000000000000e-01	5.400000e-01	1.148727e+00
5.500000000000000e-01	5.500000e-01	1.136884e+00
5.600000000000001e-01	5.600000e-01	1.122014e+00
5.700000000000001e-01	5.700000e-01	1.102462e+00
5.800000000000000e-01	5.800000e-01	1.074134e+00
5.900000000000000e-01	5.900000e-01	9.995675e-01
6.000000000000000e-01	6.000000e-01	1.223383e-01
6.100000000000000e-01	6.100000e-01	9.420206e-02
6.200000000000000e-01	6.200000e-01	7.565787e-02
6.300000000000000e-01	6.300000e-01	6.171517e-02
6.400000000000000e-01	6.400000e-01	5.077159e-02
6.500000000000000e-01	6.500000e-01	4.182776e-02
6.600000000000000e-01	6.600000e-01	3.439052e-02
6.700000000000000e-01	6.700000e-01	2.814035e-02
6.800000000000000e-01	6.800000e-01	2.285410e-02
6.900000000000001e-01	6.900000e-01	1.837011e-02
7.000000000000001e-01	7.000000e-01	1.456694e-02
7.100000000000000e-01	7.100000e-01	1.135064e-02
7.200000000000000e-01	7.200000e-01	8.646842e-03
7.300000000000000e-01	7.300000e-01	6.395423e-03
7.400000000000000e-01	7.400000e-01	4.547010e-03
7.500000000000000e-01	7.500000e-01	3.060452e-03
7.600000000000000e-01	7.600000e-01	1.901032e-03
7.700000000000000e-01	7.700000e-01	1.039142e-03
7.800000000000000e-01	7.800000e-01	4.492895e-04
7.900000000000000e-01	7.900000e-01	1.093406e-04
8.000000000000000e-01	8.000000e-01	-6.276762e-08
8.100000000000001e-01	8.100000e-01	-1.023054e-08
8.200000000000001e-01	8.200000e-01	4.509619e-09
8.300000000000001e-01	8.300000e-01	4.404746e-09
8.400000000000000e-01	8.400000e-01	4.304638e-09
8.500000000000000e-01	8.500000e-01	4.208979e-09
8.600000000000000e-01	8.600000e-01	4.117480e-09
8.700000000000000e-01	8.700000e-01	4.029874e-09
8.800000000000000e-01	8.800000e-01	3.945918e-09
8.900000000000000e-01	8.900000e-01	3.865389e-09
9.000000000000000e-01	9.000000e-01	3.788081e-09
9.100000000000000e-01	9.100000e-01	3.713805e-09
9.200000000000000e-01	9.200000e-01	3.642386e-09
9.300000000000000e-01	9.300000e-01	3.573662e-09
9.400000000000001e-01	9.400000e-01	3.507483e-09
9.500000000000001e-01	9.500000e-01	3.443711e-09
9.600000000000000e-01	9.600000e-01	3.382216e-09
9.700000000000000e-01	9.700000e-01	3.322879e-09
9.800000000000000e-01	9.800000e-01	3.265588e-09
9.900000000000000e-01	9.900000e-01	3.210239e-09
1.000000000000000e+00	1.000000e+00	3.156735e-09
1.010000000000000e+00	1.010000e+00	3.104985e-09
1.020000000000000e+00	1.020000e+00	3.054905e-09
1.030000000000000e+00	1.030000e+00	3.006414e-09
1.040000000000000e+00	1.040000e+00	2.959439e-09
1.050000000000000e+00	1.050000e+00	2.913909e-09
1.060000000000000e+00	1.060000e+00	2.869759e-09
1.070000000000000e+00	1.070000e+00	2.826926e-09
1.080000000000000e+00	1.080000e+00	2.785354e-09
1.090000000000000e+00	1.090000e+00	2.744987e-09
1.100000000000000e+00	1.100000e+00	2.705772e-09
1.110000000000000e+00	1.110000e+00	2.667663e-09
1.120000000000000e+00	1.120000e+00	2.630612e-09
1.130000000000000e+00	1.130000e+00	2.594577e-09
1.140000000000000e+00	1.140000e+00	2.559515e-09
1.150000000000000e+00	1.150000e+00	2.525388e-09
1.160000000000000e+00	1.160000e+00	2.492159e-09
1.170000000000000e+00	1.170000e+00	2.459793e-09
1.180000000000000e+00	1.180000e+00	2.428257e-09
1.190000000000000e+00	1.190000e+00	2.397520e-09
1.200000000000000e+00	1.200000e+00	2.367551e-09
Step Information: Wn=2µ Wp_ratio=2.5  (Step: 10/14)
0.000000000000000e+00	0.000000e+00	1.200000e+00
1.000000000000000e-02	1.000000e-02	1.200000e+00
2.000000000000000e-02	2.000000e-02	1.200000e+00
3.000000000000000e-02	3.000000e-02	1.200000e+00
4.000000000000000e-02	4.000000e-02	1.200000e+00
5.000000000000000e-02	5.000000e-02	1.200000e+00
6.000000000000000e-02	6.000000e-02	1.200000e+00
7.000000000000001e-02	7.000000e-02	1.200000e+00
8.000000000000000e-02	8.000000e-02	1.200000e+00
9.000000000000000e-02	9.000000e-02	1.200000e+00
1.000000000000000e-01	1.000000e-01	1.200000e+00
1.100000000000000e-01	1.100000e-01	1.200000e+00
1.200000000000000e-01	1.200000e-01	1.200000e+00
1.300000000000000e-01	1.300000e-01	1.200000e+00
1.400000000000000e-01	1.400000e-01	1.200000e+00
1.500000000000000e-01	1.500000e-01	1.200000e+00
1.600000000000000e-01	1.600000e-01	1.200000e+00
1.700000000000000e-01	1.700000e-01	1.200000e+00
1.800000000000000e-01	1.800000e-01	1.200000e+00
1.900000000000000e-01	1.900000e-01	1.200000e+00
2.000000000000000e-01	2.000000e-01	1.200000e+00
2.100000000000000e-01	2.100000e-01	1.200000e+00
2.200000000000000e-01	2.200000e-01	1.200000e+00
2.300000000000000e-01	2.300000e-01	1.200000e+00
2.400000000000000e-01	2.400000e-01	1.200000e+00
2.500000000000000e-01	2.500000e-01	1.200000e+00
2.600000000000000e-01	2.600000e-01	1.200000e+00
2.700000000000000e-01	2.700000e-01	1.200000e+00
2.800000000000000e-01	2.800000e-01	1.200000e+00
2.900000000000000e-01	2.900000e-01	1.200000e+00
3.000000000000000e-01	3.000000e-01	1.200000e+00
3.100000000000000e-01	3.100000e-01	1.200000e+00
3.200000000000000e-01	3.200000e-01	1.200000e+00
3.300000000000000e-01	3.300000e-01	1.200000e+00
3.400000000000000e-01	3.400000e-01	1.200000e+00
3.500000000000000e-01	3.500000e-01	1.200000e+00
3.600000000000000e-01	3.600000e-01	1.200000e+00
3.700000000000000e-01	3.700000e-01	1.200000e+00
3.800000000000000e-01	3.800000e-01	1.200000e+00
3.900000000000000e-01	3.900000e-01	1.200000e+00
4.000000000000000e-01	4.000000e-01	1.200000e+00
4.100000000000000e-01	4.100000e-01	1.199842e+00
4.200000000000000e-01	4.200000e-01	1.199353e+00
4.300000000000000e-01	4.300000e-01	1.198503e+00
4.400000000000000e-01	4.400000e-01	1.197259e+00
4.500000000000000e-01	4.500000e-01	1.195585e+00
4.600000000000000e-01	4.600000e-01	1.193433e+00
4.700000000000000e-01	4.700000e-01	1.190751e+00
4.800000000000000e-01	4.800000e-01	1.187473e+00
4.900000000000000e-01	4.900000e-01	1.183519e+00
5.000000000000000e-01	5.000000e-01	1.178788e+00
5.100000000000000e-01	5.100000e-01	1.173150e+00
5.200000000000000e-01	5.200000e-01	1.166434e+00
5.300000000000000e-01	5.300000e-01	1.158406e+00
5.400000000000000e-01	5.400000e-01	1.148727e+00
5.500000000000000e-01	5.500000e-01	1.136884e+00
5.600000000000001e-01	5.600000e-01	1.122014e+00
5.700000000000001e-01	5.700000e-01	1.102462e+00
5.800000000000000e-01	5.800000e-01	1.074134e+00
5.900000000000000e-01	5.900000e-01	9.995676e-01
6.000000000000000e-01	6.000000e-01	1.223383e-01
6.100000000000000e-01	6.100000e-01	9.420205e-02
6.200000000000000e-01	6.200000e-01	7.565787e-02
6.300000000000000e-01	6.300000e-01	6.171517e-02
6.400000000000000e-01	6.400000e-01	5.077159e-02
6.500000000000000e-01	6.500000e-01	4.182775e-02
6.600000000000000e-01	6.600000e-01	3.439052e-02
6.700000000000000e-01	6.700000e-01	2.814034e-02
6.800000000000000e-01	6.800000e-01	2.285410e-02
6.900000000000001e-01	6.900000e-01	1.837011e-02
7.000000000000001e-01	7.000000e-01	1.456693e-02
7.100000000000000e-01	7.100000e-01	1.135064e-02
7.200000000000000e-01	7.200000e-01	8.646839e-03
7.300000000000000e-01	7.300000e-01	6.395421e-03
7.400000000000000e-01	7.400000e-01	4.547007e-03
7.500000000000000e-01	7.500000e-01	3.060449e-03
7.600000000000000e-01	7.600000e-01	1.901029e-03
7.700000000000000e-01	7.700000e-01	1.039139e-03
7.800000000000000e-01	7.800000e-01	4.492870e-04
7.900000000000000e-01	7.900000e-01	1.093382e-04
8.000000000000000e-01	8.000000e-01	-6.513517e-08
8.100000000000001e-01	8.100000e-01	-1.254035e-08
8.200000000000001e-01	8.200000e-01	2.254809e-09
8.300000000000001e-01	8.300000e-01	2.202373e-09
8.400000000000000e-01	8.400000e-01	2.152319e-09
8.500000000000000e-01	8.500000e-01	2.104490e-09
8.600000000000000e-01	8.600000e-01	2.058740e-09
8.700000000000000e-01	8.700000e-01	2.014937e-09
8.800000000000000e-01	8.800000e-01	1.972959e-09
8.900000000000000e-01	8.900000e-01	1.932695e-09
9.000000000000000e-01	9.000000e-01	1.894041e-09
9.100000000000000e-01	9.100000e-01	1.856903e-09
9.200000000000000e-01	9.200000e-01	1.821193e-09
9.300000000000000e-01	9.300000e-01	1.786831e-09
9.400000000000001e-01	9.400000e-01	1.753741e-09
9.500000000000001e-01	9.500000e-01	1.721855e-09
9.600000000000000e-01	9.600000e-01	1.691108e-09
9.700000000000000e-01	9.700000e-01	1.661439e-09
9.800000000000000e-01	9.800000e-01	1.632794e-09
9.900000000000000e-01	9.900000e-01	1.605119e-09
1.000000000000000e+00	1.000000e+00	1.578367e-09
1.010000000000000e+00	1.010000e+00	1.552492e-09
1.020000000000000e+00	1.020000e+00	1.527452e-09
1.030000000000000e+00	1.030000e+00	1.503207e-09
1.040000000000000e+00	1.040000e+00	1.479719e-09
1.050000000000000e+00	1.050000e+00	1.456954e-09
1.060000000000000e+00	1.060000e+00	1.434879e-09
1.070000000000000e+00	1.070000e+00	1.413463e-09
1.080000000000000e+00	1.080000e+00	1.392677e-09
1.090000000000000e+00	1.090000e+00	1.372493e-09
1.100000000000000e+00	1.100000e+00	1.352886e-09
1.110000000000000e+00	1.110000e+00	1.333832e-09
1.120000000000000e+00	1.120000e+00	1.315306e-09
1.130000000000000e+00	1.130000e+00	1.297288e-09
1.140000000000000e+00	1.140000e+00	1.279757e-09
1.150000000000000e+00	1.150000e+00	1.262694e-09
1.160000000000000e+00	1.160000e+00	1.246079e-09
1.170000000000000e+00	1.170000e+00	1.229897e-09
1.180000000000000e+00	1.180000e+00	1.214129e-09
1.190000000000000e+00	1.190000e+00	1.198760e-09
1.200000000000000e+00	1.200000e+00	1.183776e-09
Step Information: Wn=1µ Wp_ratio=2.75  (Step: 11/14)
0.000000000000000e+00	0.000000e+00	1.200000e+00
1.000000000000000e-02	1.000000e-02	1.200000e+00
2.000000000000000e-02	2.000000e-02	1.200000e+00
3.000000000000000e-02	3.000000e-02	1.200000e+00
4.000000000000000e-02	4.000000e-02	1.200000e+00
5.000000000000000e-02	5.000000e-02	1.200000e+00
6.000000000000000e-02	6.000000e-02	1.200000e+00
7.000000000000001e-02	7.000000e-02	1.200000e+00
8.000000000000000e-02	8.000000e-02	1.200000e+00
9.000000000000000e-02	9.000000e-02	1.200000e+00
1.000000000000000e-01	1.000000e-01	1.200000e+00
1.100000000000000e-01	1.100000e-01	1.200000e+00
1.200000000000000e-01	1.200000e-01	1.200000e+00
1.300000000000000e-01	1.300000e-01	1.200000e+00
1.400000000000000e-01	1.400000e-01	1.200000e+00
1.500000000000000e-01	1.500000e-01	1.200000e+00
1.600000000000000e-01	1.600000e-01	1.200000e+00
1.700000000000000e-01	1.700000e-01	1.200000e+00
1.800000000000000e-01	1.800000e-01	1.200000e+00
1.900000000000000e-01	1.900000e-01	1.200000e+00
2.000000000000000e-01	2.000000e-01	1.200000e+00
2.100000000000000e-01	2.100000e-01	1.200000e+00
2.200000000000000e-01	2.200000e-01	1.200000e+00
2.300000000000000e-01	2.300000e-01	1.200000e+00
2.400000000000000e-01	2.400000e-01	1.200000e+00
2.500000000000000e-01	2.500000e-01	1.200000e+00
2.600000000000000e-01	2.600000e-01	1.200000e+00
2.700000000000000e-01	2.700000e-01	1.200000e+00
2.800000000000000e-01	2.800000e-01	1.200000e+00
2.900000000000000e-01	2.900000e-01	1.200000e+00
3.000000000000000e-01	3.000000e-01	1.200000e+00
3.100000000000000e-01	3.100000e-01	1.200000e+00
3.200000000000000e-01	3.200000e-01	1.200000e+00
3.300000000000000e-01	3.300000e-01	1.200000e+00
3.400000000000000e-01	3.400000e-01	1.200000e+00
3.500000000000000e-01	3.500000e-01	1.200000e+00
3.600000000000000e-01	3.600000e-01	1.200000e+00
3.700000000000000e-01	3.700000e-01	1.200000e+00
3.800000000000000e-01	3.800000e-01	1.200000e+00
3.900000000000000e-01	3.900000e-01	1.200000e+00
4.000000000000000e-01	4.000000e-01	1.200000e+00
4.100000000000000e-01	4.100000e-01	1.199857e+00
4.200000000000000e-01	4.200000e-01	1.199412e+00
4.300000000000000e-01	4.300000e-01	1.198639e+00
4.400000000000000e-01	4.400000e-01	1.197509e+00
4.500000000000000e-01	4.500000e-01	1.195988e+00
4.600000000000000e-01	4.600000e-01	1.194035e+00
4.700000000000000e-01	4.700000e-01	1.191603e+00
4.800000000000000e-01	4.800000e-01	1.188633e+00
4.900000000000000e-01	4.900000e-01	1.185055e+00
5.000000000000000e-01	5.000000e-01	1.180781e+00
5.100000000000000e-01	5.100000e-01	1.175701e+00
5.200000000000000e-01	5.200000e-01	1.169668e+00
5.300000000000000e-01	5.300000e-01	1.162488e+00
5.400000000000000e-01	5.400000e-01	1.153885e+00
5.500000000000000e-01	5.500000e-01	1.143455e+00
5.600000000000001e-01	5.600000e-01	1.130549e+00
5.700000000000001e-01	5.700000e-01	1.114009e+00
5.800000000000000e-01	5.800000e-01	1.091349e+00
5.900000000000000e-01	5.900000e-01	1.053311e+00
6.000000000000000e-01	6.000000e-01	1.483009e-01
6.100000000000000e-01	6.100000e-01	1.082219e-01
6.200000000000000e-01	6.200000e-01	8.549808e-02
6.300000000000000e-01	6.300000e-01	6.923096e-02
6.400000000000000e-01	6.400000e-01	5.659627e-02
6.500000000000000e-01	6.500000e-01	4.646870e-02
6.600000000000000e-01	6.600000e-01	3.811501e-02
6.700000000000000e-01	6.700000e-01	3.113204e-02
6.800000000000000e-01	6.800000e-01	2.524938e-02
6.900000000000001e-01	6.900000e-01	2.027413e-02
7.000000000000001e-01	7.000000e-01	1.606362e-02
7.100000000000000e-01	7.100000e-01	1.250886e-02
7.200000000000000e-01	7.200000e-01	9.524377e-03
7.300000000000000e-01	7.300000e-01	7.041708e-03
7.400000000000000e-01	7.400000e-01	5.004984e-03
7.500000000000000e-01	7.500000e-01	3.367919e-03
7.600000000000000e-01	7.600000e-01	2.091657e-03
7.700000000000000e-01	7.700000e-01	1.143198e-03
7.800000000000000e-01	7.800000e-01	4.942356e-04
7.900000000000000e-01	7.900000e-01	1.202668e-04
8.000000000000000e-01	8.000000e-01	-7.695926e-08
8.100000000000001e-01	8.100000e-01	-1.335085e-08
8.200000000000001e-01	8.200000e-01	4.509618e-09
8.300000000000001e-01	8.300000e-01	4.404746e-09
8.400000000000000e-01	8.400000e-01	4.304638e-09
8.500000000000000e-01	8.500000e-01	4.208979e-09
8.600000000000000e-01	8.600000e-01	4.117480e-09
8.700000000000000e-01	8.700000e-01	4.029874e-09
8.800000000000000e-01	8.800000e-01	3.945918e-09
8.900000000000000e-01	8.900000e-01	3.865389e-09
9.000000000000000e-01	9.000000e-01	3.788081e-09
9.100000000000000e-01	9.100000e-01	3.713805e-09
9.200000000000000e-01	9.200000e-01	3.642386e-09
9.300000000000000e-01	9.300000e-01	3.573662e-09
9.400000000000001e-01	9.400000e-01	3.507483e-09
9.500000000000001e-01	9.500000e-01	3.443711e-09
9.600000000000000e-01	9.600000e-01	3.382216e-09
9.700000000000000e-01	9.700000e-01	3.322879e-09
9.800000000000000e-01	9.800000e-01	3.265588e-09
9.900000000000000e-01	9.900000e-01	3.210239e-09
1.000000000000000e+00	1.000000e+00	3.156735e-09
1.010000000000000e+00	1.010000e+00	3.104985e-09
1.020000000000000e+00	1.020000e+00	3.054905e-09
1.030000000000000e+00	1.030000e+00	3.006414e-09
1.040000000000000e+00	1.040000e+00	2.959439e-09
1.050000000000000e+00	1.050000e+00	2.913909e-09
1.060000000000000e+00	1.060000e+00	2.869759e-09
1.070000000000000e+00	1.070000e+00	2.826926e-09
1.080000000000000e+00	1.080000e+00	2.785354e-09
1.090000000000000e+00	1.090000e+00	2.744987e-09
1.100000000000000e+00	1.100000e+00	2.705772e-09
1.110000000000000e+00	1.110000e+00	2.667663e-09
1.120000000000000e+00	1.120000e+00	2.630612e-09
1.130000000000000e+00	1.130000e+00	2.594577e-09
1.140000000000000e+00	1.140000e+00	2.559515e-09
1.150000000000000e+00	1.150000e+00	2.525388e-09
1.160000000000000e+00	1.160000e+00	2.492159e-09
1.170000000000000e+00	1.170000e+00	2.459793e-09
1.180000000000000e+00	1.180000e+00	2.428257e-09
1.190000000000000e+00	1.190000e+00	2.397520e-09
1.200000000000000e+00	1.200000e+00	2.367551e-09
Step Information: Wn=2µ Wp_ratio=2.75  (Step: 12/14)
0.000000000000000e+00	0.000000e+00	1.200000e+00
1.000000000000000e-02	1.000000e-02	1.200000e+00
2.000000000000000e-02	2.000000e-02	1.200000e+00
3.000000000000000e-02	3.000000e-02	1.200000e+00
4.000000000000000e-02	4.000000e-02	1.200000e+00
5.000000000000000e-02	5.000000e-02	1.200000e+00
6.000000000000000e-02	6.000000e-02	1.200000e+00
7.000000000000001e-02	7.000000e-02	1.200000e+00
8.000000000000000e-02	8.000000e-02	1.200000e+00
9.000000000000000e-02	9.000000e-02	1.200000e+00
1.000000000000000e-01	1.000000e-01	1.200000e+00
1.100000000000000e-01	1.100000e-01	1.200000e+00
1.200000000000000e-01	1.200000e-01	1.200000e+00
1.300000000000000e-01	1.300000e-01	1.200000e+00
1.400000000000000e-01	1.400000e-01	1.200000e+00
1.500000000000000e-01	1.500000e-01	1.200000e+00
1.600000000000000e-01	1.600000e-01	1.200000e+00
1.700000000000000e-01	1.700000e-01	1.200000e+00
1.800000000000000e-01	1.800000e-01	1.200000e+00
1.900000000000000e-01	1.900000e-01	1.200000e+00
2.000000000000000e-01	2.000000e-01	1.200000e+00
2.100000000000000e-01	2.100000e-01	1.200000e+00
2.200000000000000e-01	2.200000e-01	1.200000e+00
2.300000000000000e-01	2.300000e-01	1.200000e+00
2.400000000000000e-01	2.400000e-01	1.200000e+00
2.500000000000000e-01	2.500000e-01	1.200000e+00
2.600000000000000e-01	2.600000e-01	1.200000e+00
2.700000000000000e-01	2.700000e-01	1.200000e+00
2.800000000000000e-01	2.800000e-01	1.200000e+00
2.900000000000000e-01	2.900000e-01	1.200000e+00
3.000000000000000e-01	3.000000e-01	1.200000e+00
3.100000000000000e-01	3.100000e-01	1.200000e+00
3.200000000000000e-01	3.200000e-01	1.200000e+00
3.300000000000000e-01	3.300000e-01	1.200000e+00
3.400000000000000e-01	3.400000e-01	1.200000e+00
3.500000000000000e-01	3.500000e-01	1.200000e+00
3.600000000000000e-01	3.600000e-01	1.200000e+00
3.700000000000000e-01	3.700000e-01	1.200000e+00
3.800000000000000e-01	3.800000e-01	1.200000e+00
3.900000000000000e-01	3.900000e-01	1.200000e+00
4.000000000000000e-01	4.000000e-01	1.200000e+00
4.100000000000000e-01	4.100000e-01	1.199857e+00
4.200000000000000e-01	4.200000e-01	1.199412e+00
4.300000000000000e-01	4.300000e-01	1.198639e+00
4.400000000000000e-01	4.400000e-01	1.197509e+00
4.500000000000000e-01	4.500000e-01	1.195988e+00
4.600000000000000e-01	4.600000e-01	1.194035e+00
4.700000000000000e-01	4.700000e-01	1.191603e+00
4.800000000000000e-01	4.800000e-01	1.188633e+00
4.900000000000000e-01	4.900000e-01	1.185055e+00
5.000000000000000e-01	5.000000e-01	1.180781e+00
5.100000000000000e-01	5.100000e-01	1.175701e+00
5.200000000000000e-01	5.200000e-01	1.169668e+00
5.300000000000000e-01	5.300000e-01	1.162488e+00
5.400000000000000e-01	5.400000e-01	1.153885e+00
5.500000000000000e-01	5.500000e-01	1.143455e+00
5.600000000000001e-01	5.600000e-01	1.130549e+00
5.700000000000001e-01	5.700000e-01	1.114009e+00
5.800000000000000e-01	5.800000e-01	1.091349e+00
5.900000000000000e-01	5.900000e-01	1.053311e+00
6.000000000000000e-01	6.000000e-01	1.483009e-01
6.100000000000000e-01	6.100000e-01	1.082219e-01
6.200000000000000e-01	6.200000e-01	8.549808e-02
6.300000000000000e-01	6.300000e-01	6.923095e-02
6.400000000000000e-01	6.400000e-01	5.659627e-02
6.500000000000000e-01	6.500000e-01	4.646869e-02
6.600000000000000e-01	6.600000e-01	3.811501e-02
6.700000000000000e-01	6.700000e-01	3.113204e-02
6.800000000000000e-01	6.800000e-01	2.524938e-02
6.900000000000001e-01	6.900000e-01	2.027413e-02
7.000000000000001e-01	7.000000e-01	1.606362e-02
7.100000000000000e-01	7.100000e-01	1.250885e-02
7.200000000000000e-01	7.200000e-01	9.524374e-03
7.300000000000000e-01	7.300000e-01	7.041705e-03
7.400000000000000e-01	7.400000e-01	5.004981e-03
7.500000000000000e-01	7.500000e-01	3.367916e-03
7.600000000000000e-01	7.600000e-01	2.091654e-03
7.700000000000000e-01	7.700000e-01	1.143196e-03
7.800000000000000e-01	7.800000e-01	4.942331e-04
7.900000000000000e-01	7.900000e-01	1.202644e-04
8.000000000000000e-01	8.000000e-01	-7.932681e-08
8.100000000000001e-01	8.100000e-01	-1.566065e-08
8.200000000000001e-01	8.200000e-01	2.254808e-09
8.300000000000001e-01	8.300000e-01	2.202373e-09
8.400000000000000e-01	8.400000e-01	2.152319e-09
8.500000000000000e-01	8.500000e-01	2.104490e-09
8.600000000000000e-01	8.600000e-01	2.058740e-09
8.700000000000000e-01	8.700000e-01	2.014937e-09
8.800000000000000e-01	8.800000e-01	1.972959e-09
8.900000000000000e-01	8.900000e-01	1.932695e-09
9.000000000000000e-01	9.000000e-01	1.894041e-09
9.100000000000000e-01	9.100000e-01	1.856903e-09
9.200000000000000e-01	9.200000e-01	1.821193e-09
9.300000000000000e-01	9.300000e-01	1.786831e-09
9.400000000000001e-01	9.400000e-01	1.753741e-09
9.500000000000001e-01	9.500000e-01	1.721855e-09
9.600000000000000e-01	9.600000e-01	1.691108e-09
9.700000000000000e-01	9.700000e-01	1.661439e-09
9.800000000000000e-01	9.800000e-01	1.632794e-09
9.900000000000000e-01	9.900000e-01	1.605119e-09
1.000000000000000e+00	1.000000e+00	1.578367e-09
1.010000000000000e+00	1.010000e+00	1.552492e-09
1.020000000000000e+00	1.020000e+00	1.527452e-09
1.030000000000000e+00	1.030000e+00	1.503207e-09
1.040000000000000e+00	1.040000e+00	1.479719e-09
1.050000000000000e+00	1.050000e+00	1.456954e-09
1.060000000000000e+00	1.060000e+00	1.434879e-09
1.070000000000000e+00	1.070000e+00	1.413463e-09
1.080000000000000e+00	1.080000e+00	1.392677e-09
1.090000000000000e+00	1.090000e+00	1.372493e-09
1.100000000000000e+00	1.100000e+00	1.352886e-09
1.110000000000000e+00	1.110000e+00	1.333832e-09
1.120000000000000e+00	1.120000e+00	1.315306e-09
1.130000000000000e+00	1.130000e+00	1.297288e-09
1.140000000000000e+00	1.140000e+00	1.279757e-09
1.150000000000000e+00	1.150000e+00	1.262694e-09
1.160000000000000e+00	1.160000e+00	1.246079e-09
1.170000000000000e+00	1.170000e+00	1.229897e-09
1.180000000000000e+00	1.180000e+00	1.214129e-09
1.190000000000000e+00	1.190000e+00	1.198760e-09
1.200000000000000e+00	1.200000e+00	1.183776e-09
Step Information: Wn=1µ Wp_ratio=3  (Step: 13/14)
0.000000000000000e+00	0.000000e+00	1.200000e+00
1.000000000000000e-02	1.000000e-02	1.200000e+00
2.000000000000000e-02	2.000000e-02	1.200000e+00
3.000000000000000e-02	3.000000e-02	1.200000e+00
4.000000000000000e-02	4.000000e-02	1.200000e+00
5.000000000000000e-02	5.000000e-02	1.200000e+00
6.000000000000000e-02	6.000000e-02	1.200000e+00
7.000000000000001e-02	7.000000e-02	1.200000e+00
8.000000000000000e-02	8.000000e-02	1.200000e+00
9.000000000000000e-02	9.000000e-02	1.200000e+00
1.000000000000000e-01	1.000000e-01	1.200000e+00
1.100000000000000e-01	1.100000e-01	1.200000e+00
1.200000000000000e-01	1.200000e-01	1.200000e+00
1.300000000000000e-01	1.300000e-01	1.200000e+00
1.400000000000000e-01	1.400000e-01	1.200000e+00
1.500000000000000e-01	1.500000e-01	1.200000e+00
1.600000000000000e-01	1.600000e-01	1.200000e+00
1.700000000000000e-01	1.700000e-01	1.200000e+00
1.800000000000000e-01	1.800000e-01	1.200000e+00
1.900000000000000e-01	1.900000e-01	1.200000e+00
2.000000000000000e-01	2.000000e-01	1.200000e+00
2.100000000000000e-01	2.100000e-01	1.200000e+00
2.200000000000000e-01	2.200000e-01	1.200000e+00
2.300000000000000e-01	2.300000e-01	1.200000e+00
2.400000000000000e-01	2.400000e-01	1.200000e+00
2.500000000000000e-01	2.500000e-01	1.200000e+00
2.600000000000000e-01	2.600000e-01	1.200000e+00
2.700000000000000e-01	2.700000e-01	1.200000e+00
2.800000000000000e-01	2.800000e-01	1.200000e+00
2.900000000000000e-01	2.900000e-01	1.200000e+00
3.000000000000000e-01	3.000000e-01	1.200000e+00
3.100000000000000e-01	3.100000e-01	1.200000e+00
3.200000000000000e-01	3.200000e-01	1.200000e+00
3.300000000000000e-01	3.300000e-01	1.200000e+00
3.400000000000000e-01	3.400000e-01	1.200000e+00
3.500000000000000e-01	3.500000e-01	1.200000e+00
3.600000000000000e-01	3.600000e-01	1.200000e+00
3.700000000000000e-01	3.700000e-01	1.200000e+00
3.800000000000000e-01	3.800000e-01	1.200000e+00
3.900000000000000e-01	3.900000e-01	1.200000e+00
4.000000000000000e-01	4.000000e-01	1.200000e+00
4.100000000000000e-01	4.100000e-01	1.199869e+00
4.200000000000000e-01	4.200000e-01	1.199461e+00
4.300000000000000e-01	4.300000e-01	1.198753e+00
4.400000000000000e-01	4.400000e-01	1.197718e+00
4.500000000000000e-01	4.500000e-01	1.196324e+00
4.600000000000000e-01	4.600000e-01	1.194536e+00
4.700000000000000e-01	4.700000e-01	1.192311e+00
4.800000000000000e-01	4.800000e-01	1.189595e+00
4.900000000000000e-01	4.900000e-01	1.186328e+00
5.000000000000000e-01	5.000000e-01	1.182431e+00
5.100000000000000e-01	5.100000e-01	1.177808e+00
5.200000000000000e-01	5.200000e-01	1.172332e+00
5.300000000000000e-01	5.300000e-01	1.165836e+00
5.400000000000000e-01	5.400000e-01	1.158092e+00
5.500000000000000e-01	5.500000e-01	1.148769e+00
5.600000000000001e-01	5.600000e-01	1.137355e+00
5.700000000000001e-01	5.700000e-01	1.122987e+00
5.800000000000000e-01	5.800000e-01	1.103974e+00
5.900000000000000e-01	5.900000e-01	1.075991e+00
6.000000000000000e-01	6.000000e-01	6.000000e-01
6.100000000000000e-01	6.100000e-01	1.244720e-01
6.200000000000000e-01	6.200000e-01	9.611210e-02
6.300000000000000e-01	6.300000e-01	7.704100e-02
6.400000000000000e-01	6.400000e-01	6.259751e-02
6.500000000000000e-01	6.500000e-01	5.121398e-02
6.600000000000000e-01	6.600000e-01	4.190125e-02
6.700000000000000e-01	6.700000e-01	3.416065e-02
6.800000000000000e-01	6.800000e-01	2.766678e-02
6.900000000000001e-01	6.900000e-01	2.219132e-02
7.000000000000001e-01	7.000000e-01	1.756802e-02
7.100000000000000e-01	7.100000e-01	1.367147e-02
7.200000000000000e-01	7.200000e-01	1.040432e-02
7.300000000000000e-01	7.300000e-01	7.689246e-03
7.400000000000000e-01	7.400000e-01	5.463562e-03
7.500000000000000e-01	7.500000e-01	3.675648e-03
7.600000000000000e-01	7.600000e-01	2.282377e-03
7.700000000000000e-01	7.700000e-01	1.247281e-03
7.800000000000000e-01	7.800000e-01	5.391848e-04
7.900000000000000e-01	7.900000e-01	1.311917e-04
8.000000000000000e-01	8.000000e-01	-9.250707e-08
8.100000000000001e-01	8.100000e-01	-1.676883e-08
8.200000000000001e-01	8.200000e-01	4.509618e-09
8.300000000000001e-01	8.300000e-01	4.404745e-09
8.400000000000000e-01	8.400000e-01	4.304638e-09
8.500000000000000e-01	8.500000e-01	4.208979e-09
8.600000000000000e-01	8.600000e-01	4.117480e-09
8.700000000000000e-01	8.700000e-01	4.029874e-09
8.800000000000000e-01	8.800000e-01	3.945918e-09
8.900000000000000e-01	8.900000e-01	3.865389e-09
9.000000000000000e-01	9.000000e-01	3.788081e-09
9.100000000000000e-01	9.100000e-01	3.713805e-09
9.200000000000000e-01	9.200000e-01	3.642386e-09
9.300000000000000e-01	9.300000e-01	3.573662e-09
9.400000000000001e-01	9.400000e-01	3.507483e-09
9.500000000000001e-01	9.500000e-01	3.443711e-09
9.600000000000000e-01	9.600000e-01	3.382216e-09
9.700000000000000e-01	9.700000e-01	3.322879e-09
9.800000000000000e-01	9.800000e-01	3.265588e-09
9.900000000000000e-01	9.900000e-01	3.210239e-09
1.000000000000000e+00	1.000000e+00	3.156735e-09
1.010000000000000e+00	1.010000e+00	3.104985e-09
1.020000000000000e+00	1.020000e+00	3.054905e-09
1.030000000000000e+00	1.030000e+00	3.006414e-09
1.040000000000000e+00	1.040000e+00	2.959439e-09
1.050000000000000e+00	1.050000e+00	2.913909e-09
1.060000000000000e+00	1.060000e+00	2.869759e-09
1.070000000000000e+00	1.070000e+00	2.826926e-09
1.080000000000000e+00	1.080000e+00	2.785354e-09
1.090000000000000e+00	1.090000e+00	2.744987e-09
1.100000000000000e+00	1.100000e+00	2.705772e-09
1.110000000000000e+00	1.110000e+00	2.667663e-09
1.120000000000000e+00	1.120000e+00	2.630612e-09
1.130000000000000e+00	1.130000e+00	2.594577e-09
1.140000000000000e+00	1.140000e+00	2.559515e-09
1.150000000000000e+00	1.150000e+00	2.525388e-09
1.160000000000000e+00	1.160000e+00	2.492159e-09
1.170000000000000e+00	1.170000e+00	2.459793e-09
1.180000000000000e+00	1.180000e+00	2.428257e-09
1.190000000000000e+00	1.190000e+00	2.397520e-09
1.200000000000000e+00	1.200000e+00	2.367551e-09
Step Information: Wn=2µ Wp_ratio=3  (Step: 14/14)
0.000000000000000e+00	0.000000e+00	1.200000e+00
1.000000000000000e-02	1.000000e-02	1.200000e+00
2.000000000000000e-02	2.000000e-02	1.200000e+00
3.000000000000000e-02	3.000000e-02	1.200000e+00
4.000000000000000e-02	4.000000e-02	1.200000e+00
5.000000000000000e-02	5.000000e-02	1.200000e+00
6.000000000000000e-02	6.000000e-02	1.200000e+00
7.000000000000001e-02	7.000000e-02	1.200000e+00
8.000000000000000e-02	8.000000e-02	1.200000e+00
9.000000000000000e-02	9.000000e-02	1.200000e+00
1.000000000000000e-01	1.000000e-01	1.200000e+00
1.100000000000000e-01	1.100000e-01	1.200000e+00
1.200000000000000e-01	1.200000e-01	1.200000e+00
1.300000000000000e-01	1.300000e-01	1.200000e+00
1.400000000000000e-01	1.400000e-01	1.200000e+00
1.500000000000000e-01	1.500000e-01	1.200000e+00
1.600000000000000e-01	1.600000e-01	1.200000e+00
1.700000000000000e-01	1.700000e-01	1.200000e+00
1.800000000000000e-01	1.800000e-01	1.200000e+00
1.900000000000000e-01	1.900000e-01	1.200000e+00
2.000000000000000e-01	2.000000e-01	1.200000e+00
2.100000000000000e-01	2.100000e-01	1.200000e+00
2.200000000000000e-01	2.200000e-01	1.200000e+00
2.300000000000000e-01	2.300000e-01	1.200000e+00
2.400000000000000e-01	2.400000e-01	1.200000e+00
2.500000000000000e-01	2.500000e-01	1.200000e+00
2.600000000000000e-01	2.600000e-01	1.200000e+00
2.700000000000000e-01	2.700000e-01	1.200000e+00
2.800000000000000e-01	2.800000e-01	1.200000e+00
2.900000000000000e-01	2.900000e-01	1.200000e+00
3.000000000000000e-01	3.000000e-01	1.200000e+00
3.100000000000000e-01	3.100000e-01	1.200000e+00
3.200000000000000e-01	3.200000e-01	1.200000e+00
3.300000000000000e-01	3.300000e-01	1.200000e+00
3.400000000000000e-01	3.400000e-01	1.200000e+00
3.500000000000000e-01	3.500000e-01	1.200000e+00
3.600000000000000e-01	3.600000e-01	1.200000e+00
3.700000000000000e-01	3.700000e-01	1.200000e+00
3.800000000000000e-01	3.800000e-01	1.200000e+00
3.900000000000000e-01	3.900000e-01	1.200000e+00
4.000000000000000e-01	4.000000e-01	1.200000e+00
4.100000000000000e-01	4.100000e-01	1.199869e+00
4.200000000000000e-01	4.200000e-01	1.199461e+00
4.300000000000000e-01	4.300000e-01	1.198753e+00
4.400000000000000e-01	4.400000e-01	1.197718e+00
4.500000000000000e-01	4.500000e-01	1.196324e+00
4.600000000000000e-01	4.600000e-01	1.194536e+00
4.700000000000000e-01	4.700000e-01	1.192311e+00
4.800000000000000e-01	4.800000e-01	1.189595e+00
4.900000000000000e-01	4.900000e-01	1.186328e+00
5.000000000000000e-01	5.000000e-01	1.182431e+00
5.100000000000000e-01	5.100000e-01	1.177808e+00
5.200000000000000e-01	5.200000e-01	1.172332e+00
5.300000000000000e-01	5.300000e-01	1.165836e+00
5.400000000000000e-01	5.400000e-01	1.158093e+00
5.500000000000000e-01	5.500000e-01	1.148769e+00
5.600000000000001e-01	5.600000e-01	1.137355e+00
5.700000000000001e-01	5.700000e-01	1.122987e+00
5.800000000000000e-01	5.800000e-01	1.103974e+00
5.900000000000000e-01	5.900000e-01	1.075991e+00
6.000000000000000e-01	6.000000e-01	6.000000e-01
6.100000000000000e-01	6.100000e-01	1.244720e-01
6.200000000000000e-01	6.200000e-01	9.611209e-02
6.300000000000000e-01	6.300000e-01	7.704100e-02
6.400000000000000e-01	6.400000e-01	6.259751e-02
6.500000000000000e-01	6.500000e-01	5.121398e-02
6.600000000000000e-01	6.600000e-01	4.190125e-02
6.700000000000000e-01	6.700000e-01	3.416065e-02
6.800000000000000e-01	6.800000e-01	2.766678e-02
6.900000000000001e-01	6.900000e-01	2.219132e-02
7.000000000000001e-01	7.000000e-01	1.756802e-02
7.100000000000000e-01	7.100000e-01	1.367146e-02
7.200000000000000e-01	7.200000e-01	1.040432e-02
7.300000000000000e-01	7.300000e-01	7.689243e-03
7.400000000000000e-01	7.400000e-01	5.463559e-03
7.500000000000000e-01	7.500000e-01	3.675645e-03
7.600000000000000e-01	7.600000e-01	2.282375e-03
7.700000000000000e-01	7.700000e-01	1.247278e-03
7.800000000000000e-01	7.800000e-01	5.391823e-04
7.900000000000000e-01	7.900000e-01	1.311893e-04
8.000000000000000e-01	8.000000e-01	-9.487461e-08
8.100000000000001e-01	8.100000e-01	-1.907863e-08
8.200000000000001e-01	8.200000e-01	2.254807e-09
8.300000000000001e-01	8.300000e-01	2.202373e-09
8.400000000000000e-01	8.400000e-01	2.152319e-09
8.500000000000000e-01	8.500000e-01	2.104490e-09
8.600000000000000e-01	8.600000e-01	2.058740e-09
8.700000000000000e-01	8.700000e-01	2.014937e-09
8.800000000000000e-01	8.800000e-01	1.972959e-09
8.900000000000000e-01	8.900000e-01	1.932695e-09
9.000000000000000e-01	9.000000e-01	1.894041e-09
9.100000000000000e-01	9.100000e-01	1.856903e-09
9.200000000000000e-01	9.200000e-01	1.821193e-09
9.300000000000000e-01	9.300000e-01	1.786831e-09
9.400000000000001e-01	9.400000e-01	1.753741e-09
9.500000000000001e-01	9.500000e-01	1.721855e-09
9.600000000000000e-01	9.600000e-01	1.691108e-09
9.700000000000000e-01	9.700000e-01	1.661439e-09
9.800000000000000e-01	9.800000e-01	1.632794e-09
9.900000000000000e-01	9.900000e-01	1.605119e-09
1.000000000000000e+00	1.000000e+00	1.578367e-09
1.010000000000000e+00	1.010000e+00	1.552492e-09
1.020000000000000e+00	1.020000e+00	1.527452e-09
1.030000000000000e+00	1.030000e+00	1.503207e-09
1.040000000000000e+00	1.040000e+00	1.479719e-09
1.050000000000000e+00	1.050000e+00	1.456954e-09
1.060000000000000e+00	1.060000e+00	1.434879e-09
1.070000000000000e+00	1.070000e+00	1.413463e-09
1.080000000000000e+00	1.080000e+00	1.392677e-09
1.090000000000000e+00	1.090000e+00	1.372493e-09
1.100000000000000e+00	1.100000e+00	1.352886e-09
1.110000000000000e+00	1.110000e+00	1.333832e-09
1.120000000000000e+00	1.120000e+00	1.315306e-09
1.130000000000000e+00	1.130000e+00	1.297288e-09
1.140000000000000e+00	1.140000e+00	1.279757e-09
1.150000000000000e+00	1.150000e+00	1.262694e-09
1.160000000000000e+00	1.160000e+00	1.246079e-09
1.170000000000000e+00	1.170000e+00	1.229897e-09
1.180000000000000e+00	1.180000e+00	1.214129e-09
1.190000000000000e+00	1.190000e+00	1.198760e-09
1.200000000000000e+00	1.200000e+00	1.183776e-09
